SNID	SEARCH_PEAKMJD	REDSHIFT_CMB	REDSHIFT_CMB_ERR	files
0	0.0	0.0850555462571146	0.001	T21_sim_1000/0.snana.dat
1	0.0	0.0647335352287042	0.001	T21_sim_1000/1.snana.dat
2	0.0	0.0504578213789436	0.001	T21_sim_1000/2.snana.dat
3	0.0	0.0926773269876507	0.001	T21_sim_1000/3.snana.dat
4	0.0	0.0203900175644788	0.001	T21_sim_1000/4.snana.dat
5	0.0	0.0319427715553362	0.001	T21_sim_1000/5.snana.dat
6	0.0	0.0245362599701055	0.001	T21_sim_1000/6.snana.dat
7	0.0	0.0337355618039672	0.001	T21_sim_1000/7.snana.dat
8	0.0	0.0622800841388646	0.001	T21_sim_1000/8.snana.dat
9	0.0	0.0028407209590723	0.001	T21_sim_1000/9.snana.dat
10	0.0	0.0975611282144438	0.001	T21_sim_1000/10.snana.dat
11	0.0	0.0042963162681356	0.001	T21_sim_1000/11.snana.dat
12	0.0	0.0505347346893235	0.001	T21_sim_1000/12.snana.dat
13	0.0	0.067844200588392	0.001	T21_sim_1000/13.snana.dat
14	0.0	0.0103115356574061	0.001	T21_sim_1000/14.snana.dat
15	0.0	0.0845586696240949	0.001	T21_sim_1000/15.snana.dat
16	0.0	0.0907094904704139	0.001	T21_sim_1000/16.snana.dat
17	0.0	0.0451704958520195	0.001	T21_sim_1000/17.snana.dat
18	0.0	0.0603875422489764	0.001	T21_sim_1000/18.snana.dat
19	0.0	0.0856155013614933	0.001	T21_sim_1000/19.snana.dat
20	0.0	0.0499684463259463	0.001	T21_sim_1000/20.snana.dat
21	0.0	0.0539266601906529	0.001	T21_sim_1000/21.snana.dat
22	0.0	0.0290819792486785	0.001	T21_sim_1000/22.snana.dat
23	0.0	0.0401212855485763	0.001	T21_sim_1000/23.snana.dat
24	0.0	0.0498012176651052	0.001	T21_sim_1000/24.snana.dat
25	0.0	0.006685502352757	0.001	T21_sim_1000/25.snana.dat
26	0.0	0.0005354571904008	0.001	T21_sim_1000/26.snana.dat
27	0.0	0.0165992040506608	0.001	T21_sim_1000/27.snana.dat
28	0.0	0.0625005824570492	0.001	T21_sim_1000/28.snana.dat
29	0.0	0.034564223498774	0.001	T21_sim_1000/29.snana.dat
30	0.0	0.0985590337909582	0.001	T21_sim_1000/30.snana.dat
31	0.0	0.0045184317423482	0.001	T21_sim_1000/31.snana.dat
32	0.0	0.0070540223739435	0.001	T21_sim_1000/32.snana.dat
33	0.0	0.0128560260234132	0.001	T21_sim_1000/33.snana.dat
34	0.0	0.073787007598847	0.001	T21_sim_1000/34.snana.dat
35	0.0	0.0723786823402214	0.001	T21_sim_1000/35.snana.dat
36	0.0	0.0523250959511261	0.001	T21_sim_1000/36.snana.dat
37	0.0	0.0504178430660565	0.001	T21_sim_1000/37.snana.dat
38	0.0	0.0273501173867543	0.001	T21_sim_1000/38.snana.dat
39	0.0	0.0172073994053011	0.001	T21_sim_1000/39.snana.dat
40	0.0	0.0478306351517795	0.001	T21_sim_1000/40.snana.dat
41	0.0	0.0436409390092575	0.001	T21_sim_1000/41.snana.dat
42	0.0	0.0636916095385961	0.001	T21_sim_1000/42.snana.dat
43	0.0	0.015856765759359	0.001	T21_sim_1000/43.snana.dat
44	0.0	0.0592096649201573	0.001	T21_sim_1000/44.snana.dat
45	0.0	0.0965353476481807	0.001	T21_sim_1000/45.snana.dat
46	0.0	0.0328542770357285	0.001	T21_sim_1000/46.snana.dat
47	0.0	0.0008258211960535	0.001	T21_sim_1000/47.snana.dat
48	0.0	0.0102256373337247	0.001	T21_sim_1000/48.snana.dat
49	0.0	0.044829948057364	0.001	T21_sim_1000/49.snana.dat
50	0.0	0.0044085225052221	0.001	T21_sim_1000/50.snana.dat
51	0.0	0.0162331754387993	0.001	T21_sim_1000/51.snana.dat
52	0.0	0.0129575752478712	0.001	T21_sim_1000/52.snana.dat
53	0.0	0.0980985759516729	0.001	T21_sim_1000/53.snana.dat
54	0.0	0.0265153919140869	0.001	T21_sim_1000/54.snana.dat
55	0.0	0.0299888246452332	0.001	T21_sim_1000/55.snana.dat
56	0.0	0.0793063436002107	0.001	T21_sim_1000/56.snana.dat
57	0.0	0.0693417860878058	0.001	T21_sim_1000/57.snana.dat
58	0.0	0.0579360819889331	0.001	T21_sim_1000/58.snana.dat
59	0.0	0.0379028620478633	0.001	T21_sim_1000/59.snana.dat
60	0.0	0.0898197293487211	0.001	T21_sim_1000/60.snana.dat
61	0.0	0.0222385073211499	0.001	T21_sim_1000/61.snana.dat
62	0.0	0.0706712819325754	0.001	T21_sim_1000/62.snana.dat
63	0.0	0.06457327591352	0.001	T21_sim_1000/63.snana.dat
64	0.0	0.0513279069214013	0.001	T21_sim_1000/64.snana.dat
65	0.0	0.0466491608650963	0.001	T21_sim_1000/65.snana.dat
66	0.0	0.0631770940826938	0.001	T21_sim_1000/66.snana.dat
67	0.0	0.0883773353373288	0.001	T21_sim_1000/67.snana.dat
68	0.0	0.0267171928815244	0.001	T21_sim_1000/68.snana.dat
69	0.0	0.0087937966252057	0.001	T21_sim_1000/69.snana.dat
70	0.0	0.0098687269005963	0.001	T21_sim_1000/70.snana.dat
71	0.0	0.0852194636611211	0.001	T21_sim_1000/71.snana.dat
72	0.0	0.0986438939620176	0.001	T21_sim_1000/72.snana.dat
73	0.0	0.0641169167526435	0.001	T21_sim_1000/73.snana.dat
74	0.0	0.0473903288315464	0.001	T21_sim_1000/74.snana.dat
75	0.0	0.0207509574957808	0.001	T21_sim_1000/75.snana.dat
76	0.0	0.0347956921851522	0.001	T21_sim_1000/76.snana.dat
77	0.0	0.0880245256092545	0.001	T21_sim_1000/77.snana.dat
78	0.0	0.0316312448094779	0.001	T21_sim_1000/78.snana.dat
79	0.0	0.0931415166284821	0.001	T21_sim_1000/79.snana.dat
80	0.0	0.0461631242764806	0.001	T21_sim_1000/80.snana.dat
81	0.0	0.0364245703647563	0.001	T21_sim_1000/81.snana.dat
82	0.0	5.021714985575799e-06	0.001	T21_sim_1000/82.snana.dat
83	0.0	0.0855988194032712	0.001	T21_sim_1000/83.snana.dat
84	0.0	0.0205698707846641	0.001	T21_sim_1000/84.snana.dat
85	0.0	0.0285095798612991	0.001	T21_sim_1000/85.snana.dat
86	0.0	0.0806562219829278	0.001	T21_sim_1000/86.snana.dat
87	0.0	0.0925956505018612	0.001	T21_sim_1000/87.snana.dat
88	0.0	0.0489430356124162	0.001	T21_sim_1000/88.snana.dat
89	0.0	0.0543576218976176	0.001	T21_sim_1000/89.snana.dat
90	0.0	0.0154354327724787	0.001	T21_sim_1000/90.snana.dat
91	0.0	0.0291385947538454	0.001	T21_sim_1000/91.snana.dat
92	0.0	0.0214768176129047	0.001	T21_sim_1000/92.snana.dat
93	0.0	0.010267737449519	0.001	T21_sim_1000/93.snana.dat
94	0.0	0.0158749860244809	0.001	T21_sim_1000/94.snana.dat
95	0.0	0.0426560554475646	0.001	T21_sim_1000/95.snana.dat
96	0.0	0.0271658326773536	0.001	T21_sim_1000/96.snana.dat
97	0.0	0.0139447595751775	0.001	T21_sim_1000/97.snana.dat
98	0.0	0.0822535316624666	0.001	T21_sim_1000/98.snana.dat
99	0.0	0.0420560857719751	0.001	T21_sim_1000/99.snana.dat
100	0.0	0.0241417507360387	0.001	T21_sim_1000/100.snana.dat
101	0.0	0.087157978159309	0.001	T21_sim_1000/101.snana.dat
102	0.0	0.0657960439727016	0.001	T21_sim_1000/102.snana.dat
103	0.0	0.004612207783317	0.001	T21_sim_1000/103.snana.dat
104	0.0	0.0604260305002798	0.001	T21_sim_1000/104.snana.dat
105	0.0	0.0354991357623248	0.001	T21_sim_1000/105.snana.dat
106	0.0	0.0871225660639278	0.001	T21_sim_1000/106.snana.dat
107	0.0	0.055746416375432	0.001	T21_sim_1000/107.snana.dat
108	0.0	0.0530082292091781	0.001	T21_sim_1000/108.snana.dat
109	0.0	0.0186172237558361	0.001	T21_sim_1000/109.snana.dat
110	0.0	0.0988707994388756	0.001	T21_sim_1000/110.snana.dat
111	0.0	0.0433253167401807	0.001	T21_sim_1000/111.snana.dat
112	0.0	0.0378288136888734	0.001	T21_sim_1000/112.snana.dat
113	0.0	0.0540263088740053	0.001	T21_sim_1000/113.snana.dat
114	0.0	0.064656812369896	0.001	T21_sim_1000/114.snana.dat
115	0.0	0.0098136070176822	0.001	T21_sim_1000/115.snana.dat
116	0.0	0.0578850870835325	0.001	T21_sim_1000/116.snana.dat
117	0.0	0.0557662475510736	0.001	T21_sim_1000/117.snana.dat
118	0.0	0.08144704181911	0.001	T21_sim_1000/118.snana.dat
119	0.0	0.007883509154336	0.001	T21_sim_1000/119.snana.dat
120	0.0	0.0634353477670074	0.001	T21_sim_1000/120.snana.dat
121	0.0	0.0519865288856535	0.001	T21_sim_1000/121.snana.dat
122	0.0	0.0132044153247991	0.001	T21_sim_1000/122.snana.dat
123	0.0	0.0379023609599723	0.001	T21_sim_1000/123.snana.dat
124	0.0	0.0931461247058396	0.001	T21_sim_1000/124.snana.dat
125	0.0	0.0435370444429963	0.001	T21_sim_1000/125.snana.dat
126	0.0	0.0726334445272904	0.001	T21_sim_1000/126.snana.dat
127	0.0	0.0150066059801151	0.001	T21_sim_1000/127.snana.dat
128	0.0	0.0138802039819795	0.001	T21_sim_1000/128.snana.dat
129	0.0	0.0521576712363013	0.001	T21_sim_1000/129.snana.dat
130	0.0	0.0265303365405144	0.001	T21_sim_1000/130.snana.dat
131	0.0	0.0878939483133301	0.001	T21_sim_1000/131.snana.dat
132	0.0	0.0697961079959255	0.001	T21_sim_1000/132.snana.dat
133	0.0	0.0845048619408514	0.001	T21_sim_1000/133.snana.dat
134	0.0	0.0830450965447266	0.001	T21_sim_1000/134.snana.dat
135	0.0	0.0099926717249902	0.001	T21_sim_1000/135.snana.dat
136	0.0	0.0727124113936522	0.001	T21_sim_1000/136.snana.dat
137	0.0	0.0197429375046321	0.001	T21_sim_1000/137.snana.dat
138	0.0	0.0637895157426144	0.001	T21_sim_1000/138.snana.dat
139	0.0	0.0900651876181168	0.001	T21_sim_1000/139.snana.dat
140	0.0	0.0522911778945171	0.001	T21_sim_1000/140.snana.dat
141	0.0	0.0202217851804836	0.001	T21_sim_1000/141.snana.dat
142	0.0	0.0181137922416702	0.001	T21_sim_1000/142.snana.dat
143	0.0	0.0952563873697512	0.001	T21_sim_1000/143.snana.dat
144	0.0	0.012739623435809	0.001	T21_sim_1000/144.snana.dat
145	0.0	0.0088050393415617	0.001	T21_sim_1000/145.snana.dat
146	0.0	0.0933208563138071	0.001	T21_sim_1000/146.snana.dat
147	0.0	0.0117977805432219	0.001	T21_sim_1000/147.snana.dat
148	0.0	0.0710061823164345	0.001	T21_sim_1000/148.snana.dat
149	0.0	0.0206182998168556	0.001	T21_sim_1000/149.snana.dat
150	0.0	0.0382040926760001	0.001	T21_sim_1000/150.snana.dat
151	0.0	0.0658145494609192	0.001	T21_sim_1000/151.snana.dat
152	0.0	0.0283338978465082	0.001	T21_sim_1000/152.snana.dat
153	0.0	0.0257793938804068	0.001	T21_sim_1000/153.snana.dat
154	0.0	0.0722642748893217	0.001	T21_sim_1000/154.snana.dat
155	0.0	0.0993775108515409	0.001	T21_sim_1000/155.snana.dat
156	0.0	0.0174431630762612	0.001	T21_sim_1000/156.snana.dat
157	0.0	0.0316442852700685	0.001	T21_sim_1000/157.snana.dat
158	0.0	0.0346605994396689	0.001	T21_sim_1000/158.snana.dat
159	0.0	0.0175579266562209	0.001	T21_sim_1000/159.snana.dat
160	0.0	0.082056390424742	0.001	T21_sim_1000/160.snana.dat
161	0.0	0.0911537756488104	0.001	T21_sim_1000/161.snana.dat
162	0.0	0.0808699323975465	0.001	T21_sim_1000/162.snana.dat
163	0.0	0.0277061430933088	0.001	T21_sim_1000/163.snana.dat
164	0.0	0.0460841886495346	0.001	T21_sim_1000/164.snana.dat
165	0.0	0.0856808805099071	0.001	T21_sim_1000/165.snana.dat
166	0.0	0.089532748786141	0.001	T21_sim_1000/166.snana.dat
167	0.0	0.0509214624325373	0.001	T21_sim_1000/167.snana.dat
168	0.0	0.0446619390121252	0.001	T21_sim_1000/168.snana.dat
169	0.0	0.0264493565105947	0.001	T21_sim_1000/169.snana.dat
170	0.0	0.0042644578230626	0.001	T21_sim_1000/170.snana.dat
171	0.0	0.0543418390294687	0.001	T21_sim_1000/171.snana.dat
172	0.0	0.0583769587474627	0.001	T21_sim_1000/172.snana.dat
173	0.0	0.0741533897571889	0.001	T21_sim_1000/173.snana.dat
174	0.0	0.014664246286271	0.001	T21_sim_1000/174.snana.dat
175	0.0	0.0476124959154145	0.001	T21_sim_1000/175.snana.dat
176	0.0	0.0447228685000289	0.001	T21_sim_1000/176.snana.dat
177	0.0	0.0519462075214614	0.001	T21_sim_1000/177.snana.dat
178	0.0	0.0799975253646611	0.001	T21_sim_1000/178.snana.dat
179	0.0	0.0045090036076634	0.001	T21_sim_1000/179.snana.dat
180	0.0	0.076503948200551	0.001	T21_sim_1000/180.snana.dat
181	0.0	0.0533212219593756	0.001	T21_sim_1000/181.snana.dat
182	0.0	0.0668619515940337	0.001	T21_sim_1000/182.snana.dat
183	0.0	0.0084543974471023	0.001	T21_sim_1000/183.snana.dat
184	0.0	0.0348135609665184	0.001	T21_sim_1000/184.snana.dat
185	0.0	0.0774236687657746	0.001	T21_sim_1000/185.snana.dat
186	0.0	0.0938555963778621	0.001	T21_sim_1000/186.snana.dat
187	0.0	0.0880550060832171	0.001	T21_sim_1000/187.snana.dat
188	0.0	0.0443119109758951	0.001	T21_sim_1000/188.snana.dat
189	0.0	0.0119970774759884	0.001	T21_sim_1000/189.snana.dat
190	0.0	0.0748959399180949	0.001	T21_sim_1000/190.snana.dat
191	0.0	0.0460740631449986	0.001	T21_sim_1000/191.snana.dat
192	0.0	0.097860940161374	0.001	T21_sim_1000/192.snana.dat
193	0.0	0.0375643977318749	0.001	T21_sim_1000/193.snana.dat
194	0.0	0.0287096163710739	0.001	T21_sim_1000/194.snana.dat
195	0.0	0.0959199464559621	0.001	T21_sim_1000/195.snana.dat
196	0.0	0.0514757471243774	0.001	T21_sim_1000/196.snana.dat
197	0.0	0.091570728391891	0.001	T21_sim_1000/197.snana.dat
198	0.0	0.0119473106286006	0.001	T21_sim_1000/198.snana.dat
199	0.0	0.041930414743208	0.001	T21_sim_1000/199.snana.dat
200	0.0	0.0572368147952024	0.001	T21_sim_1000/200.snana.dat
201	0.0	0.0767327580583359	0.001	T21_sim_1000/201.snana.dat
202	0.0	0.0609189082597524	0.001	T21_sim_1000/202.snana.dat
203	0.0	0.0361964717788216	0.001	T21_sim_1000/203.snana.dat
204	0.0	0.0848097623291733	0.001	T21_sim_1000/204.snana.dat
205	0.0	0.085253543039861	0.001	T21_sim_1000/205.snana.dat
206	0.0	0.0119381060470011	0.001	T21_sim_1000/206.snana.dat
207	0.0	0.0233687178768531	0.001	T21_sim_1000/207.snana.dat
208	0.0	0.0033740259874731	0.001	T21_sim_1000/208.snana.dat
209	0.0	0.0973212507148398	0.001	T21_sim_1000/209.snana.dat
210	0.0	0.0993728606724455	0.001	T21_sim_1000/210.snana.dat
211	0.0	0.0512266740683085	0.001	T21_sim_1000/211.snana.dat
212	0.0	0.0183392444348357	0.001	T21_sim_1000/212.snana.dat
213	0.0	0.0987505258868529	0.001	T21_sim_1000/213.snana.dat
214	0.0	0.0140592148775038	0.001	T21_sim_1000/214.snana.dat
215	0.0	0.0873109055130011	0.001	T21_sim_1000/215.snana.dat
216	0.0	0.0413318509408767	0.001	T21_sim_1000/216.snana.dat
217	0.0	0.0232318865151929	0.001	T21_sim_1000/217.snana.dat
218	0.0	0.0717713035363338	0.001	T21_sim_1000/218.snana.dat
219	0.0	0.0040434471120259	0.001	T21_sim_1000/219.snana.dat
220	0.0	0.0499289393947041	0.001	T21_sim_1000/220.snana.dat
221	0.0	0.0900839499767005	0.001	T21_sim_1000/221.snana.dat
222	0.0	0.0958016665305988	0.001	T21_sim_1000/222.snana.dat
223	0.0	0.0457219671427008	0.001	T21_sim_1000/223.snana.dat
224	0.0	0.0560790630240776	0.001	T21_sim_1000/224.snana.dat
225	0.0	0.0342475533675256	0.001	T21_sim_1000/225.snana.dat
226	0.0	0.0132246503636673	0.001	T21_sim_1000/226.snana.dat
227	0.0	0.0152217885341522	0.001	T21_sim_1000/227.snana.dat
228	0.0	0.0277586546150738	0.001	T21_sim_1000/228.snana.dat
229	0.0	0.0431402017415455	0.001	T21_sim_1000/229.snana.dat
230	0.0	0.0053352772355504	0.001	T21_sim_1000/230.snana.dat
231	0.0	0.0801839549519941	0.001	T21_sim_1000/231.snana.dat
232	0.0	0.0281332954930791	0.001	T21_sim_1000/232.snana.dat
233	0.0	0.0834794437833042	0.001	T21_sim_1000/233.snana.dat
234	0.0	0.0100102121582433	0.001	T21_sim_1000/234.snana.dat
235	0.0	0.0248850242435527	0.001	T21_sim_1000/235.snana.dat
236	0.0	0.0572533547341156	0.001	T21_sim_1000/236.snana.dat
237	0.0	0.0815671478497829	0.001	T21_sim_1000/237.snana.dat
238	0.0	0.0405766685447374	0.001	T21_sim_1000/238.snana.dat
239	0.0	0.0298104470055312	0.001	T21_sim_1000/239.snana.dat
240	0.0	0.027233419935436	0.001	T21_sim_1000/240.snana.dat
241	0.0	0.0134065361166335	0.001	T21_sim_1000/241.snana.dat
242	0.0	0.0627363293004563	0.001	T21_sim_1000/242.snana.dat
243	0.0	0.0752595425788631	0.001	T21_sim_1000/243.snana.dat
244	0.0	0.0733529853457274	0.001	T21_sim_1000/244.snana.dat
245	0.0	0.0299020346340528	0.001	T21_sim_1000/245.snana.dat
246	0.0	0.0967626149576605	0.001	T21_sim_1000/246.snana.dat
247	0.0	0.0079431512464212	0.001	T21_sim_1000/247.snana.dat
248	0.0	0.0854166840552066	0.001	T21_sim_1000/248.snana.dat
249	0.0	0.0549925932186686	0.001	T21_sim_1000/249.snana.dat
250	0.0	0.0303351728823208	0.001	T21_sim_1000/250.snana.dat
251	0.0	0.0954084367257051	0.001	T21_sim_1000/251.snana.dat
252	0.0	0.051205641940072	0.001	T21_sim_1000/252.snana.dat
253	0.0	0.0604766424020347	0.001	T21_sim_1000/253.snana.dat
254	0.0	0.0114393580098735	0.001	T21_sim_1000/254.snana.dat
255	0.0	0.0824491341604224	0.001	T21_sim_1000/255.snana.dat
256	0.0	0.0924137111916494	0.001	T21_sim_1000/256.snana.dat
257	0.0	0.0672665662046793	0.001	T21_sim_1000/257.snana.dat
258	0.0	0.0297671342838787	0.001	T21_sim_1000/258.snana.dat
259	0.0	0.0436398931097953	0.001	T21_sim_1000/259.snana.dat
260	0.0	0.0328756433610087	0.001	T21_sim_1000/260.snana.dat
261	0.0	0.0813132892430979	0.001	T21_sim_1000/261.snana.dat
262	0.0	0.0586615387982718	0.001	T21_sim_1000/262.snana.dat
263	0.0	0.0483390774205164	0.001	T21_sim_1000/263.snana.dat
264	0.0	0.0275841444466096	0.001	T21_sim_1000/264.snana.dat
265	0.0	0.032421082452442	0.001	T21_sim_1000/265.snana.dat
266	0.0	0.0249698526941307	0.001	T21_sim_1000/266.snana.dat
267	0.0	0.033074707162492	0.001	T21_sim_1000/267.snana.dat
268	0.0	0.0337766967715422	0.001	T21_sim_1000/268.snana.dat
269	0.0	0.081207450435423	0.001	T21_sim_1000/269.snana.dat
270	0.0	0.0140404653838592	0.001	T21_sim_1000/270.snana.dat
271	0.0	0.0443033873409008	0.001	T21_sim_1000/271.snana.dat
272	0.0	0.0416834673601274	0.001	T21_sim_1000/272.snana.dat
273	0.0	0.0347558746588116	0.001	T21_sim_1000/273.snana.dat
274	0.0	0.0333279714982606	0.001	T21_sim_1000/274.snana.dat
275	0.0	0.0281707995196702	0.001	T21_sim_1000/275.snana.dat
276	0.0	0.0590894697734736	0.001	T21_sim_1000/276.snana.dat
277	0.0	0.0905435686430272	0.001	T21_sim_1000/277.snana.dat
278	0.0	0.0267825324309137	0.001	T21_sim_1000/278.snana.dat
279	0.0	0.0225785790532001	0.001	T21_sim_1000/279.snana.dat
280	0.0	0.0805177706289179	0.001	T21_sim_1000/280.snana.dat
281	0.0	0.0520374471335585	0.001	T21_sim_1000/281.snana.dat
282	0.0	0.0046393490893321	0.001	T21_sim_1000/282.snana.dat
283	0.0	0.026926218320644	0.001	T21_sim_1000/283.snana.dat
284	0.0	0.0002224940379331	0.001	T21_sim_1000/284.snana.dat
285	0.0	0.0657796409827198	0.001	T21_sim_1000/285.snana.dat
286	0.0	0.0491255979803062	0.001	T21_sim_1000/286.snana.dat
287	0.0	0.0212135845607081	0.001	T21_sim_1000/287.snana.dat
288	0.0	0.0499806279378147	0.001	T21_sim_1000/288.snana.dat
289	0.0	0.0279570320898279	0.001	T21_sim_1000/289.snana.dat
290	0.0	0.0891075619400659	0.001	T21_sim_1000/290.snana.dat
291	0.0	0.0899063670128489	0.001	T21_sim_1000/291.snana.dat
292	0.0	0.0786927887870078	0.001	T21_sim_1000/292.snana.dat
293	0.0	0.0751600452192531	0.001	T21_sim_1000/293.snana.dat
294	0.0	0.0723559785617777	0.001	T21_sim_1000/294.snana.dat
295	0.0	0.0884864645756158	0.001	T21_sim_1000/295.snana.dat
296	0.0	0.0328577418504542	0.001	T21_sim_1000/296.snana.dat
297	0.0	0.0222488485507385	0.001	T21_sim_1000/297.snana.dat
298	0.0	0.029822895079056	0.001	T21_sim_1000/298.snana.dat
299	0.0	0.0052426783770479	0.001	T21_sim_1000/299.snana.dat
300	0.0	0.0326917180472586	0.001	T21_sim_1000/300.snana.dat
301	0.0	0.0246588978643633	0.001	T21_sim_1000/301.snana.dat
302	0.0	0.0536906927176973	0.001	T21_sim_1000/302.snana.dat
303	0.0	0.0341474038405352	0.001	T21_sim_1000/303.snana.dat
304	0.0	0.0772584595542181	0.001	T21_sim_1000/304.snana.dat
305	0.0	0.0657296117228117	0.001	T21_sim_1000/305.snana.dat
306	0.0	0.0103026847909448	0.001	T21_sim_1000/306.snana.dat
307	0.0	0.0059590706096639	0.001	T21_sim_1000/307.snana.dat
308	0.0	0.0983521053608756	0.001	T21_sim_1000/308.snana.dat
309	0.0	0.0790668675849511	0.001	T21_sim_1000/309.snana.dat
310	0.0	0.0497965714602947	0.001	T21_sim_1000/310.snana.dat
311	0.0	0.0774129324567206	0.001	T21_sim_1000/311.snana.dat
312	0.0	0.0372473829044411	0.001	T21_sim_1000/312.snana.dat
313	0.0	0.0352771770927135	0.001	T21_sim_1000/313.snana.dat
314	0.0	0.038899519800328	0.001	T21_sim_1000/314.snana.dat
315	0.0	0.0756327937519976	0.001	T21_sim_1000/315.snana.dat
316	0.0	0.0942638550585332	0.001	T21_sim_1000/316.snana.dat
317	0.0	0.0037202349226389	0.001	T21_sim_1000/317.snana.dat
318	0.0	0.0946632117355976	0.001	T21_sim_1000/318.snana.dat
319	0.0	0.0435167446054084	0.001	T21_sim_1000/319.snana.dat
320	0.0	0.0578107978312466	0.001	T21_sim_1000/320.snana.dat
321	0.0	0.0674193299869018	0.001	T21_sim_1000/321.snana.dat
322	0.0	0.0153645019818978	0.001	T21_sim_1000/322.snana.dat
323	0.0	0.0408064510604782	0.001	T21_sim_1000/323.snana.dat
324	0.0	0.0484558940623219	0.001	T21_sim_1000/324.snana.dat
325	0.0	0.0759607129814077	0.001	T21_sim_1000/325.snana.dat
326	0.0	0.0136930957087533	0.001	T21_sim_1000/326.snana.dat
327	0.0	0.0705464276047315	0.001	T21_sim_1000/327.snana.dat
328	0.0	0.0001947509784271	0.001	T21_sim_1000/328.snana.dat
329	0.0	0.0277682723195185	0.001	T21_sim_1000/329.snana.dat
330	0.0	0.0551059865102143	0.001	T21_sim_1000/330.snana.dat
331	0.0	0.085736495786011	0.001	T21_sim_1000/331.snana.dat
332	0.0	0.0562889367353631	0.001	T21_sim_1000/332.snana.dat
333	0.0	0.0386621328857801	0.001	T21_sim_1000/333.snana.dat
334	0.0	0.0762627943016701	0.001	T21_sim_1000/334.snana.dat
335	0.0	0.079351715310005	0.001	T21_sim_1000/335.snana.dat
336	0.0	0.0738043810831572	0.001	T21_sim_1000/336.snana.dat
337	0.0	0.0968918226170601	0.001	T21_sim_1000/337.snana.dat
338	0.0	0.0412952582668671	0.001	T21_sim_1000/338.snana.dat
339	0.0	0.0231319314420215	0.001	T21_sim_1000/339.snana.dat
340	0.0	0.0985758428137372	0.001	T21_sim_1000/340.snana.dat
341	0.0	0.0052869847491926	0.001	T21_sim_1000/341.snana.dat
342	0.0	0.0451941696092305	0.001	T21_sim_1000/342.snana.dat
343	0.0	0.0417002438736075	0.001	T21_sim_1000/343.snana.dat
344	0.0	0.0878632269542734	0.001	T21_sim_1000/344.snana.dat
345	0.0	0.0858051220771343	0.001	T21_sim_1000/345.snana.dat
346	0.0	0.0085788971722392	0.001	T21_sim_1000/346.snana.dat
347	0.0	0.0387495334841993	0.001	T21_sim_1000/347.snana.dat
348	0.0	0.0975045957639092	0.001	T21_sim_1000/348.snana.dat
349	0.0	0.0654544066722552	0.001	T21_sim_1000/349.snana.dat
350	0.0	0.083481974385072	0.001	T21_sim_1000/350.snana.dat
351	0.0	0.0143089074105627	0.001	T21_sim_1000/351.snana.dat
352	0.0	0.0387690550349306	0.001	T21_sim_1000/352.snana.dat
353	0.0	0.095180496179218	0.001	T21_sim_1000/353.snana.dat
354	0.0	0.0808029791829957	0.001	T21_sim_1000/354.snana.dat
355	0.0	0.0487621681804389	0.001	T21_sim_1000/355.snana.dat
356	0.0	0.0604691016130149	0.001	T21_sim_1000/356.snana.dat
357	0.0	0.0207727361116085	0.001	T21_sim_1000/357.snana.dat
358	0.0	0.0995895188863592	0.001	T21_sim_1000/358.snana.dat
359	0.0	0.0852998659946631	0.001	T21_sim_1000/359.snana.dat
360	0.0	0.0829908399773788	0.001	T21_sim_1000/360.snana.dat
361	0.0	0.0637023891850769	0.001	T21_sim_1000/361.snana.dat
362	0.0	0.0337534047971386	0.001	T21_sim_1000/362.snana.dat
363	0.0	0.0858844228061735	0.001	T21_sim_1000/363.snana.dat
364	0.0	0.0294701468193295	0.001	T21_sim_1000/364.snana.dat
365	0.0	0.0804371782001946	0.001	T21_sim_1000/365.snana.dat
366	0.0	0.0114143823521012	0.001	T21_sim_1000/366.snana.dat
367	0.0	0.0950096095345551	0.001	T21_sim_1000/367.snana.dat
368	0.0	0.0165946377367082	0.001	T21_sim_1000/368.snana.dat
369	0.0	0.0767741517655781	0.001	T21_sim_1000/369.snana.dat
370	0.0	0.0984248164710789	0.001	T21_sim_1000/370.snana.dat
371	0.0	0.0951447407674813	0.001	T21_sim_1000/371.snana.dat
372	0.0	0.0091260316994634	0.001	T21_sim_1000/372.snana.dat
373	0.0	0.0961530391388335	0.001	T21_sim_1000/373.snana.dat
374	0.0	0.0012402871589283	0.001	T21_sim_1000/374.snana.dat
375	0.0	0.0402422198918665	0.001	T21_sim_1000/375.snana.dat
376	0.0	0.0923085901727846	0.001	T21_sim_1000/376.snana.dat
377	0.0	0.0943996143128953	0.001	T21_sim_1000/377.snana.dat
378	0.0	0.0520062465794099	0.001	T21_sim_1000/378.snana.dat
379	0.0	0.0289025320280821	0.001	T21_sim_1000/379.snana.dat
380	0.0	0.0735314833802911	0.001	T21_sim_1000/380.snana.dat
381	0.0	0.0202573240050777	0.001	T21_sim_1000/381.snana.dat
382	0.0	0.0200425411016443	0.001	T21_sim_1000/382.snana.dat
383	0.0	0.0444867942393892	0.001	T21_sim_1000/383.snana.dat
384	0.0	0.0630362104332383	0.001	T21_sim_1000/384.snana.dat
385	0.0	0.0240678023767013	0.001	T21_sim_1000/385.snana.dat
386	0.0	0.0140281434032719	0.001	T21_sim_1000/386.snana.dat
387	0.0	0.0899522790996797	0.001	T21_sim_1000/387.snana.dat
388	0.0	0.0255864528100547	0.001	T21_sim_1000/388.snana.dat
389	0.0	0.0758685072485054	0.001	T21_sim_1000/389.snana.dat
390	0.0	0.0136083268351072	0.001	T21_sim_1000/390.snana.dat
391	0.0	0.0679549861944724	0.001	T21_sim_1000/391.snana.dat
392	0.0	0.0193995468790626	0.001	T21_sim_1000/392.snana.dat
393	0.0	0.0594770434778808	0.001	T21_sim_1000/393.snana.dat
394	0.0	0.0868539656446358	0.001	T21_sim_1000/394.snana.dat
395	0.0	0.0095486580990258	0.001	T21_sim_1000/395.snana.dat
396	0.0	0.0111884016834579	0.001	T21_sim_1000/396.snana.dat
397	0.0	0.0057486826848155	0.001	T21_sim_1000/397.snana.dat
398	0.0	0.0294378816448066	0.001	T21_sim_1000/398.snana.dat
399	0.0	0.0657957323310806	0.001	T21_sim_1000/399.snana.dat
400	0.0	0.0576076552394402	0.001	T21_sim_1000/400.snana.dat
401	0.0	0.0227958245023924	0.001	T21_sim_1000/401.snana.dat
402	0.0	0.0867174860054305	0.001	T21_sim_1000/402.snana.dat
403	0.0	0.0320176123607829	0.001	T21_sim_1000/403.snana.dat
404	0.0	0.0166422986423918	0.001	T21_sim_1000/404.snana.dat
405	0.0	0.0409033117071572	0.001	T21_sim_1000/405.snana.dat
406	0.0	0.023170021510325	0.001	T21_sim_1000/406.snana.dat
407	0.0	0.0519615090551139	0.001	T21_sim_1000/407.snana.dat
408	0.0	0.0470012262044771	0.001	T21_sim_1000/408.snana.dat
409	0.0	0.0911074472573937	0.001	T21_sim_1000/409.snana.dat
410	0.0	0.0952273705979542	0.001	T21_sim_1000/410.snana.dat
411	0.0	0.0298516231622408	0.001	T21_sim_1000/411.snana.dat
412	0.0	0.0893757315706274	0.001	T21_sim_1000/412.snana.dat
413	0.0	0.0741368121143507	0.001	T21_sim_1000/413.snana.dat
414	0.0	0.0998135227820842	0.001	T21_sim_1000/414.snana.dat
415	0.0	0.0773654233832912	0.001	T21_sim_1000/415.snana.dat
416	0.0	0.0486721883379838	0.001	T21_sim_1000/416.snana.dat
417	0.0	0.0356708908708535	0.001	T21_sim_1000/417.snana.dat
418	0.0	0.0088969650851908	0.001	T21_sim_1000/418.snana.dat
419	0.0	0.0684083866548967	0.001	T21_sim_1000/419.snana.dat
420	0.0	0.0716733178070169	0.001	T21_sim_1000/420.snana.dat
421	0.0	0.0020219220241737	0.001	T21_sim_1000/421.snana.dat
422	0.0	0.0534586076207154	0.001	T21_sim_1000/422.snana.dat
423	0.0	0.0814513308831048	0.001	T21_sim_1000/423.snana.dat
424	0.0	0.0192672581080858	0.001	T21_sim_1000/424.snana.dat
425	0.0	0.0347819079907146	0.001	T21_sim_1000/425.snana.dat
426	0.0	0.0399857878585772	0.001	T21_sim_1000/426.snana.dat
427	0.0	0.0854986721647524	0.001	T21_sim_1000/427.snana.dat
428	0.0	0.0482823488960553	0.001	T21_sim_1000/428.snana.dat
429	0.0	0.0513378671417708	0.001	T21_sim_1000/429.snana.dat
430	0.0	0.0731833655114944	0.001	T21_sim_1000/430.snana.dat
431	0.0	0.0624364255816137	0.001	T21_sim_1000/431.snana.dat
432	0.0	0.0567115416141785	0.001	T21_sim_1000/432.snana.dat
433	0.0	0.0945497496256575	0.001	T21_sim_1000/433.snana.dat
434	0.0	0.0151497729102398	0.001	T21_sim_1000/434.snana.dat
435	0.0	0.0101869444464135	0.001	T21_sim_1000/435.snana.dat
436	0.0	0.0058500684274708	0.001	T21_sim_1000/436.snana.dat
437	0.0	0.030144787247329	0.001	T21_sim_1000/437.snana.dat
438	0.0	0.0803625954845568	0.001	T21_sim_1000/438.snana.dat
439	0.0	0.0591109553925418	0.001	T21_sim_1000/439.snana.dat
440	0.0	0.0877496950001442	0.001	T21_sim_1000/440.snana.dat
441	0.0	0.0844315759575163	0.001	T21_sim_1000/441.snana.dat
442	0.0	0.0447734338871285	0.001	T21_sim_1000/442.snana.dat
443	0.0	0.0016038664004237	0.001	T21_sim_1000/443.snana.dat
444	0.0	0.0764628189036187	0.001	T21_sim_1000/444.snana.dat
445	0.0	0.0027204536479569	0.001	T21_sim_1000/445.snana.dat
446	0.0	0.0264324562336448	0.001	T21_sim_1000/446.snana.dat
447	0.0	0.0032717117216093	0.001	T21_sim_1000/447.snana.dat
448	0.0	0.0765122403257131	0.001	T21_sim_1000/448.snana.dat
449	0.0	0.01243922204029	0.001	T21_sim_1000/449.snana.dat
450	0.0	0.0422056568230058	0.001	T21_sim_1000/450.snana.dat
451	0.0	0.0127252944565664	0.001	T21_sim_1000/451.snana.dat
452	0.0	0.0846609648140297	0.001	T21_sim_1000/452.snana.dat
453	0.0	0.0413344090427322	0.001	T21_sim_1000/453.snana.dat
454	0.0	0.0334263179254651	0.001	T21_sim_1000/454.snana.dat
455	0.0	0.0033817035369993	0.001	T21_sim_1000/455.snana.dat
456	0.0	0.0374488767249189	0.001	T21_sim_1000/456.snana.dat
457	0.0	0.0146074568034415	0.001	T21_sim_1000/457.snana.dat
458	0.0	0.0454709288263977	0.001	T21_sim_1000/458.snana.dat
459	0.0	0.0731486406672467	0.001	T21_sim_1000/459.snana.dat
460	0.0	0.0495162043937689	0.001	T21_sim_1000/460.snana.dat
461	0.0	0.0466184305717039	0.001	T21_sim_1000/461.snana.dat
462	0.0	0.0713898604901518	0.001	T21_sim_1000/462.snana.dat
463	0.0	0.0385576597939402	0.001	T21_sim_1000/463.snana.dat
464	0.0	0.0004107841196061	0.001	T21_sim_1000/464.snana.dat
465	0.0	0.06027662563824	0.001	T21_sim_1000/465.snana.dat
466	0.0	0.0699134442432136	0.001	T21_sim_1000/466.snana.dat
467	0.0	0.0900797111007947	0.001	T21_sim_1000/467.snana.dat
468	0.0	0.0672689450955859	0.001	T21_sim_1000/468.snana.dat
469	0.0	0.0663598807111742	0.001	T21_sim_1000/469.snana.dat
470	0.0	0.0547666247284718	0.001	T21_sim_1000/470.snana.dat
471	0.0	0.053105170519796	0.001	T21_sim_1000/471.snana.dat
472	0.0	0.0308133957701646	0.001	T21_sim_1000/472.snana.dat
473	0.0	0.0689842097242232	0.001	T21_sim_1000/473.snana.dat
474	0.0	0.05386381328736	0.001	T21_sim_1000/474.snana.dat
475	0.0	0.0496023728491598	0.001	T21_sim_1000/475.snana.dat
476	0.0	0.060282328296202	0.001	T21_sim_1000/476.snana.dat
477	0.0	0.046818988202724	0.001	T21_sim_1000/477.snana.dat
478	0.0	0.055783600110986	0.001	T21_sim_1000/478.snana.dat
479	0.0	0.0045843573795658	0.001	T21_sim_1000/479.snana.dat
480	0.0	0.0023383227629095	0.001	T21_sim_1000/480.snana.dat
481	0.0	0.0520055003981996	0.001	T21_sim_1000/481.snana.dat
482	0.0	0.0789350008427885	0.001	T21_sim_1000/482.snana.dat
483	0.0	0.0318042894263725	0.001	T21_sim_1000/483.snana.dat
484	0.0	0.0584565664842806	0.001	T21_sim_1000/484.snana.dat
485	0.0	0.0456653315283082	0.001	T21_sim_1000/485.snana.dat
486	0.0	0.0336952346698136	0.001	T21_sim_1000/486.snana.dat
487	0.0	0.0403794746768314	0.001	T21_sim_1000/487.snana.dat
488	0.0	0.0254278777734657	0.001	T21_sim_1000/488.snana.dat
489	0.0	0.0463470170552451	0.001	T21_sim_1000/489.snana.dat
490	0.0	0.0565607851226058	0.001	T21_sim_1000/490.snana.dat
491	0.0	0.0902180868920151	0.001	T21_sim_1000/491.snana.dat
492	0.0	0.0497354467010477	0.001	T21_sim_1000/492.snana.dat
493	0.0	0.0102734677179792	0.001	T21_sim_1000/493.snana.dat
494	0.0	0.0133012896639996	0.001	T21_sim_1000/494.snana.dat
495	0.0	0.0305633958516825	0.001	T21_sim_1000/495.snana.dat
496	0.0	0.0986262566898017	0.001	T21_sim_1000/496.snana.dat
497	0.0	0.0457611746641421	0.001	T21_sim_1000/497.snana.dat
498	0.0	0.0228302426583711	0.001	T21_sim_1000/498.snana.dat
499	0.0	0.0980018322946662	0.001	T21_sim_1000/499.snana.dat
500	0.0	0.0933382604504341	0.001	T21_sim_1000/500.snana.dat
501	0.0	0.078550022980691	0.001	T21_sim_1000/501.snana.dat
502	0.0	0.0707320180724825	0.001	T21_sim_1000/502.snana.dat
503	0.0	0.0418716975667755	0.001	T21_sim_1000/503.snana.dat
504	0.0	0.0929233607521586	0.001	T21_sim_1000/504.snana.dat
505	0.0	0.0021510563471206	0.001	T21_sim_1000/505.snana.dat
506	0.0	0.0703404725781462	0.001	T21_sim_1000/506.snana.dat
507	0.0	0.0112246455727204	0.001	T21_sim_1000/507.snana.dat
508	0.0	0.0128248211532066	0.001	T21_sim_1000/508.snana.dat
509	0.0	0.0348224586121334	0.001	T21_sim_1000/509.snana.dat
510	0.0	0.0414587471665573	0.001	T21_sim_1000/510.snana.dat
511	0.0	0.0278204188945311	0.001	T21_sim_1000/511.snana.dat
512	0.0	0.0514607184698599	0.001	T21_sim_1000/512.snana.dat
513	0.0	0.0928334986176642	0.001	T21_sim_1000/513.snana.dat
514	0.0	0.0524896184244224	0.001	T21_sim_1000/514.snana.dat
515	0.0	0.0981552676839438	0.001	T21_sim_1000/515.snana.dat
516	0.0	0.0648079051351096	0.001	T21_sim_1000/516.snana.dat
517	0.0	0.0887429973216459	0.001	T21_sim_1000/517.snana.dat
518	0.0	0.0544591964472051	0.001	T21_sim_1000/518.snana.dat
519	0.0	0.0300269121381059	0.001	T21_sim_1000/519.snana.dat
520	0.0	0.0767813531095893	0.001	T21_sim_1000/520.snana.dat
521	0.0	0.0992753812066211	0.001	T21_sim_1000/521.snana.dat
522	0.0	0.0999441007939197	0.001	T21_sim_1000/522.snana.dat
523	0.0	0.0178642446017868	0.001	T21_sim_1000/523.snana.dat
524	0.0	0.0971702941751924	0.001	T21_sim_1000/524.snana.dat
525	0.0	0.0930955011081056	0.001	T21_sim_1000/525.snana.dat
526	0.0	0.0807222133623819	0.001	T21_sim_1000/526.snana.dat
527	0.0	0.0342523482550952	0.001	T21_sim_1000/527.snana.dat
528	0.0	0.0833220572164468	0.001	T21_sim_1000/528.snana.dat
529	0.0	0.0615593100083465	0.001	T21_sim_1000/529.snana.dat
530	0.0	0.0710758475507629	0.001	T21_sim_1000/530.snana.dat
531	0.0	0.0931149325413655	0.001	T21_sim_1000/531.snana.dat
532	0.0	0.0040813353631289	0.001	T21_sim_1000/532.snana.dat
533	0.0	0.0498133805211997	0.001	T21_sim_1000/533.snana.dat
534	0.0	0.0356734406972689	0.001	T21_sim_1000/534.snana.dat
535	0.0	0.0540284297100626	0.001	T21_sim_1000/535.snana.dat
536	0.0	0.0338261944407502	0.001	T21_sim_1000/536.snana.dat
537	0.0	0.0400089162499018	0.001	T21_sim_1000/537.snana.dat
538	0.0	0.0925769951577516	0.001	T21_sim_1000/538.snana.dat
539	0.0	0.0489711869233611	0.001	T21_sim_1000/539.snana.dat
540	0.0	0.0625314356980777	0.001	T21_sim_1000/540.snana.dat
541	0.0	0.0271466145016085	0.001	T21_sim_1000/541.snana.dat
542	0.0	0.0769934910752144	0.001	T21_sim_1000/542.snana.dat
543	0.0	0.0748145760923489	0.001	T21_sim_1000/543.snana.dat
544	0.0	0.0490836631300602	0.001	T21_sim_1000/544.snana.dat
545	0.0	0.0407581654286047	0.001	T21_sim_1000/545.snana.dat
546	0.0	0.0710786320786624	0.001	T21_sim_1000/546.snana.dat
547	0.0	0.057826115511119	0.001	T21_sim_1000/547.snana.dat
548	0.0	0.0374675726996217	0.001	T21_sim_1000/548.snana.dat
549	0.0	0.09157829588203	0.001	T21_sim_1000/549.snana.dat
550	0.0	0.0414354158623158	0.001	T21_sim_1000/550.snana.dat
551	0.0	0.0348834594868816	0.001	T21_sim_1000/551.snana.dat
552	0.0	0.096636659865639	0.001	T21_sim_1000/552.snana.dat
553	0.0	0.0745181186540064	0.001	T21_sim_1000/553.snana.dat
554	0.0	0.0522113697906774	0.001	T21_sim_1000/554.snana.dat
555	0.0	0.0868416722427784	0.001	T21_sim_1000/555.snana.dat
556	0.0	0.0448608863299995	0.001	T21_sim_1000/556.snana.dat
557	0.0	0.0278788706309214	0.001	T21_sim_1000/557.snana.dat
558	0.0	0.0811699827852178	0.001	T21_sim_1000/558.snana.dat
559	0.0	0.0342646450096476	0.001	T21_sim_1000/559.snana.dat
560	0.0	0.0225757680220291	0.001	T21_sim_1000/560.snana.dat
561	0.0	0.0425360813958149	0.001	T21_sim_1000/561.snana.dat
562	0.0	0.0703749734277866	0.001	T21_sim_1000/562.snana.dat
563	0.0	0.0635358455872653	0.001	T21_sim_1000/563.snana.dat
564	0.0	0.062364198538213	0.001	T21_sim_1000/564.snana.dat
565	0.0	0.0037003857683637	0.001	T21_sim_1000/565.snana.dat
566	0.0	0.0898230317459761	0.001	T21_sim_1000/566.snana.dat
567	0.0	0.0913412744083562	0.001	T21_sim_1000/567.snana.dat
568	0.0	0.0350352199627664	0.001	T21_sim_1000/568.snana.dat
569	0.0	0.0109917360474673	0.001	T21_sim_1000/569.snana.dat
570	0.0	0.0573513588757212	0.001	T21_sim_1000/570.snana.dat
571	0.0	0.0934522620796282	0.001	T21_sim_1000/571.snana.dat
572	0.0	0.062005125559712	0.001	T21_sim_1000/572.snana.dat
573	0.0	0.0036033866598104	0.001	T21_sim_1000/573.snana.dat
574	0.0	0.075805284755882	0.001	T21_sim_1000/574.snana.dat
575	0.0	0.0909191604298964	0.001	T21_sim_1000/575.snana.dat
576	0.0	0.056591848796926	0.001	T21_sim_1000/576.snana.dat
577	0.0	0.047221264813579	0.001	T21_sim_1000/577.snana.dat
578	0.0	0.0134811744797144	0.001	T21_sim_1000/578.snana.dat
579	0.0	0.0330688441500173	0.001	T21_sim_1000/579.snana.dat
580	0.0	0.0167616199345662	0.001	T21_sim_1000/580.snana.dat
581	0.0	0.0207213856827476	0.001	T21_sim_1000/581.snana.dat
582	0.0	0.0966425546351476	0.001	T21_sim_1000/582.snana.dat
583	0.0	0.0357954554612714	0.001	T21_sim_1000/583.snana.dat
584	0.0	0.0182936968075968	0.001	T21_sim_1000/584.snana.dat
585	0.0	0.0322838558277432	0.001	T21_sim_1000/585.snana.dat
586	0.0	0.0240356580746499	0.001	T21_sim_1000/586.snana.dat
587	0.0	0.0226577160442928	0.001	T21_sim_1000/587.snana.dat
588	0.0	0.0275882546735341	0.001	T21_sim_1000/588.snana.dat
589	0.0	0.0522980474010352	0.001	T21_sim_1000/589.snana.dat
590	0.0	0.0337695284442274	0.001	T21_sim_1000/590.snana.dat
591	0.0	0.0190299844914886	0.001	T21_sim_1000/591.snana.dat
592	0.0	0.0913068148470586	0.001	T21_sim_1000/592.snana.dat
593	0.0	0.047512865911372	0.001	T21_sim_1000/593.snana.dat
594	0.0	0.0235525157212843	0.001	T21_sim_1000/594.snana.dat
595	0.0	0.0918390054790756	0.001	T21_sim_1000/595.snana.dat
596	0.0	0.0639384956815224	0.001	T21_sim_1000/596.snana.dat
597	0.0	0.098473121219483	0.001	T21_sim_1000/597.snana.dat
598	0.0	0.0592191247858429	0.001	T21_sim_1000/598.snana.dat
599	0.0	0.0034967097045181	0.001	T21_sim_1000/599.snana.dat
600	0.0	0.0282361287083651	0.001	T21_sim_1000/600.snana.dat
601	0.0	0.0520008712191286	0.001	T21_sim_1000/601.snana.dat
602	0.0	0.0144804325445565	0.001	T21_sim_1000/602.snana.dat
603	0.0	0.0311578314765925	0.001	T21_sim_1000/603.snana.dat
604	0.0	0.0995521069588494	0.001	T21_sim_1000/604.snana.dat
605	0.0	0.042580738145566	0.001	T21_sim_1000/605.snana.dat
606	0.0	0.0639412201830667	0.001	T21_sim_1000/606.snana.dat
607	0.0	0.0562741372135831	0.001	T21_sim_1000/607.snana.dat
608	0.0	0.0447170649415521	0.001	T21_sim_1000/608.snana.dat
609	0.0	0.0084673636166923	0.001	T21_sim_1000/609.snana.dat
610	0.0	0.0625039275399534	0.001	T21_sim_1000/610.snana.dat
611	0.0	0.0008761675188299	0.001	T21_sim_1000/611.snana.dat
612	0.0	0.0557961182107529	0.001	T21_sim_1000/612.snana.dat
613	0.0	0.0896471199758117	0.001	T21_sim_1000/613.snana.dat
614	0.0	0.0098639782030997	0.001	T21_sim_1000/614.snana.dat
615	0.0	0.0500707873750519	0.001	T21_sim_1000/615.snana.dat
616	0.0	0.0199660703561736	0.001	T21_sim_1000/616.snana.dat
617	0.0	0.0248011239198252	0.001	T21_sim_1000/617.snana.dat
618	0.0	0.0566882388434968	0.001	T21_sim_1000/618.snana.dat
619	0.0	0.0094577132376438	0.001	T21_sim_1000/619.snana.dat
620	0.0	0.0836937980832989	0.001	T21_sim_1000/620.snana.dat
621	0.0	0.0186335278288511	0.001	T21_sim_1000/621.snana.dat
622	0.0	0.0781826650284995	0.001	T21_sim_1000/622.snana.dat
623	0.0	0.0454053951814709	0.001	T21_sim_1000/623.snana.dat
624	0.0	0.0646758845147952	0.001	T21_sim_1000/624.snana.dat
625	0.0	0.0656506886096048	0.001	T21_sim_1000/625.snana.dat
626	0.0	0.0381031814228825	0.001	T21_sim_1000/626.snana.dat
627	0.0	0.0924136636310433	0.001	T21_sim_1000/627.snana.dat
628	0.0	0.0205164654416905	0.001	T21_sim_1000/628.snana.dat
629	0.0	0.0502437304756338	0.001	T21_sim_1000/629.snana.dat
630	0.0	0.0984406095252517	0.001	T21_sim_1000/630.snana.dat
631	0.0	0.016056844283868	0.001	T21_sim_1000/631.snana.dat
632	0.0	0.0203153490788839	0.001	T21_sim_1000/632.snana.dat
633	0.0	0.0236355441701568	0.001	T21_sim_1000/633.snana.dat
634	0.0	0.0103830758743614	0.001	T21_sim_1000/634.snana.dat
635	0.0	0.0436896466675095	0.001	T21_sim_1000/635.snana.dat
636	0.0	0.09883492764183	0.001	T21_sim_1000/636.snana.dat
637	0.0	0.0176543398312399	0.001	T21_sim_1000/637.snana.dat
638	0.0	0.0636064675554729	0.001	T21_sim_1000/638.snana.dat
639	0.0	0.0963624466896177	0.001	T21_sim_1000/639.snana.dat
640	0.0	0.0437717479451563	0.001	T21_sim_1000/640.snana.dat
641	0.0	0.0551890267579378	0.001	T21_sim_1000/641.snana.dat
642	0.0	0.0561841618263205	0.001	T21_sim_1000/642.snana.dat
643	0.0	0.0259594968358498	0.001	T21_sim_1000/643.snana.dat
644	0.0	0.0334695181484405	0.001	T21_sim_1000/644.snana.dat
645	0.0	0.0971444592229339	0.001	T21_sim_1000/645.snana.dat
646	0.0	0.0853354573203844	0.001	T21_sim_1000/646.snana.dat
647	0.0	0.0966422088996686	0.001	T21_sim_1000/647.snana.dat
648	0.0	0.0699248852616335	0.001	T21_sim_1000/648.snana.dat
649	0.0	0.0756470040698427	0.001	T21_sim_1000/649.snana.dat
650	0.0	0.0133687914791593	0.001	T21_sim_1000/650.snana.dat
651	0.0	0.0879411456304125	0.001	T21_sim_1000/651.snana.dat
652	0.0	0.0506234752611585	0.001	T21_sim_1000/652.snana.dat
653	0.0	0.003758145897667	0.001	T21_sim_1000/653.snana.dat
654	0.0	0.04637045488389	0.001	T21_sim_1000/654.snana.dat
655	0.0	0.0180456487576984	0.001	T21_sim_1000/655.snana.dat
656	0.0	0.0639996959631599	0.001	T21_sim_1000/656.snana.dat
657	0.0	0.0272938209682686	0.001	T21_sim_1000/657.snana.dat
658	0.0	0.0117411926516642	0.001	T21_sim_1000/658.snana.dat
659	0.0	0.0459124467501932	0.001	T21_sim_1000/659.snana.dat
660	0.0	0.0123856431651776	0.001	T21_sim_1000/660.snana.dat
661	0.0	0.0833624467290084	0.001	T21_sim_1000/661.snana.dat
662	0.0	0.0822252303040366	0.001	T21_sim_1000/662.snana.dat
663	0.0	0.0106562470742714	0.001	T21_sim_1000/663.snana.dat
664	0.0	0.0641134992159893	0.001	T21_sim_1000/664.snana.dat
665	0.0	0.0458426015215675	0.001	T21_sim_1000/665.snana.dat
666	0.0	0.0887269244786367	0.001	T21_sim_1000/666.snana.dat
667	0.0	0.0667370531645236	0.001	T21_sim_1000/667.snana.dat
668	0.0	0.0628421819078192	0.001	T21_sim_1000/668.snana.dat
669	0.0	0.0375396060431284	0.001	T21_sim_1000/669.snana.dat
670	0.0	0.0828018145765926	0.001	T21_sim_1000/670.snana.dat
671	0.0	0.0009197969356199	0.001	T21_sim_1000/671.snana.dat
672	0.0	0.0582060189005811	0.001	T21_sim_1000/672.snana.dat
673	0.0	0.0433415414307746	0.001	T21_sim_1000/673.snana.dat
674	0.0	0.0559976805691377	0.001	T21_sim_1000/674.snana.dat
675	0.0	0.0620433413454742	0.001	T21_sim_1000/675.snana.dat
676	0.0	0.0519027294612931	0.001	T21_sim_1000/676.snana.dat
677	0.0	0.0124560920163465	0.001	T21_sim_1000/677.snana.dat
678	0.0	0.0738469039500515	0.001	T21_sim_1000/678.snana.dat
679	0.0	0.0180939501673734	0.001	T21_sim_1000/679.snana.dat
680	0.0	0.0795611003259632	0.001	T21_sim_1000/680.snana.dat
681	0.0	0.0774789237760208	0.001	T21_sim_1000/681.snana.dat
682	0.0	0.0626100058664677	0.001	T21_sim_1000/682.snana.dat
683	0.0	0.0588161840102681	0.001	T21_sim_1000/683.snana.dat
684	0.0	0.0467250590059246	0.001	T21_sim_1000/684.snana.dat
685	0.0	0.0409817985189817	0.001	T21_sim_1000/685.snana.dat
686	0.0	0.0137262917714757	0.001	T21_sim_1000/686.snana.dat
687	0.0	0.0528161317730174	0.001	T21_sim_1000/687.snana.dat
688	0.0	0.079616255146444	0.001	T21_sim_1000/688.snana.dat
689	0.0	0.0123055433207838	0.001	T21_sim_1000/689.snana.dat
690	0.0	0.0119564432771898	0.001	T21_sim_1000/690.snana.dat
691	0.0	0.0640157099311635	0.001	T21_sim_1000/691.snana.dat
692	0.0	0.0093259747825898	0.001	T21_sim_1000/692.snana.dat
693	0.0	0.0546056606178764	0.001	T21_sim_1000/693.snana.dat
694	0.0	0.0445728555065542	0.001	T21_sim_1000/694.snana.dat
695	0.0	0.0009243922004169	0.001	T21_sim_1000/695.snana.dat
696	0.0	0.0366569730940418	0.001	T21_sim_1000/696.snana.dat
697	0.0	0.0813960901036363	0.001	T21_sim_1000/697.snana.dat
698	0.0	0.0817437827657198	0.001	T21_sim_1000/698.snana.dat
699	0.0	0.0453982789509158	0.001	T21_sim_1000/699.snana.dat
700	0.0	0.0627644748431752	0.001	T21_sim_1000/700.snana.dat
701	0.0	0.0160800859037519	0.001	T21_sim_1000/701.snana.dat
702	0.0	0.0596687751629338	0.001	T21_sim_1000/702.snana.dat
703	0.0	0.0311597251904884	0.001	T21_sim_1000/703.snana.dat
704	0.0	0.0768533904126103	0.001	T21_sim_1000/704.snana.dat
705	0.0	0.0097815444913245	0.001	T21_sim_1000/705.snana.dat
706	0.0	0.02367057646263	0.001	T21_sim_1000/706.snana.dat
707	0.0	0.0982294667501012	0.001	T21_sim_1000/707.snana.dat
708	0.0	0.0540893577754594	0.001	T21_sim_1000/708.snana.dat
709	0.0	0.0297609002987471	0.001	T21_sim_1000/709.snana.dat
710	0.0	0.0107174103521474	0.001	T21_sim_1000/710.snana.dat
711	0.0	0.0626366495577244	0.001	T21_sim_1000/711.snana.dat
712	0.0	0.0172786851241446	0.001	T21_sim_1000/712.snana.dat
713	0.0	0.0732662890938923	0.001	T21_sim_1000/713.snana.dat
714	0.0	0.0281239155287527	0.001	T21_sim_1000/714.snana.dat
715	0.0	0.0706699409691115	0.001	T21_sim_1000/715.snana.dat
716	0.0	0.0335638793134258	0.001	T21_sim_1000/716.snana.dat
717	0.0	0.0821126149627165	0.001	T21_sim_1000/717.snana.dat
718	0.0	0.038966236616791	0.001	T21_sim_1000/718.snana.dat
719	0.0	0.0331571413987982	0.001	T21_sim_1000/719.snana.dat
720	0.0	0.0635453941579463	0.001	T21_sim_1000/720.snana.dat
721	0.0	0.0312551121833913	0.001	T21_sim_1000/721.snana.dat
722	0.0	0.0278078870366128	0.001	T21_sim_1000/722.snana.dat
723	0.0	0.0968094801890316	0.001	T21_sim_1000/723.snana.dat
724	0.0	0.0660034601709627	0.001	T21_sim_1000/724.snana.dat
725	0.0	0.0004857250678912	0.001	T21_sim_1000/725.snana.dat
726	0.0	0.0776333935226536	0.001	T21_sim_1000/726.snana.dat
727	0.0	0.047886554773071	0.001	T21_sim_1000/727.snana.dat
728	0.0	0.0804091429131395	0.001	T21_sim_1000/728.snana.dat
729	0.0	0.0872769102152997	0.001	T21_sim_1000/729.snana.dat
730	0.0	0.0752526801215124	0.001	T21_sim_1000/730.snana.dat
731	0.0	0.0322078298099541	0.001	T21_sim_1000/731.snana.dat
732	0.0	0.0807722168287342	0.001	T21_sim_1000/732.snana.dat
733	0.0	0.0665919719129201	0.001	T21_sim_1000/733.snana.dat
734	0.0	0.0957377749558202	0.001	T21_sim_1000/734.snana.dat
735	0.0	0.0517215424429761	0.001	T21_sim_1000/735.snana.dat
736	0.0	0.0904215964426969	0.001	T21_sim_1000/736.snana.dat
737	0.0	0.0090995074779892	0.001	T21_sim_1000/737.snana.dat
738	0.0	0.0362807670345459	0.001	T21_sim_1000/738.snana.dat
739	0.0	0.0530681430669137	0.001	T21_sim_1000/739.snana.dat
740	0.0	0.0360069773068031	0.001	T21_sim_1000/740.snana.dat
741	0.0	0.0238982942860095	0.001	T21_sim_1000/741.snana.dat
742	0.0	0.0944216149152633	0.001	T21_sim_1000/742.snana.dat
743	0.0	0.0327398274747264	0.001	T21_sim_1000/743.snana.dat
744	0.0	0.0251123193762796	0.001	T21_sim_1000/744.snana.dat
745	0.0	0.0897970046919551	0.001	T21_sim_1000/745.snana.dat
746	0.0	0.0945616180588412	0.001	T21_sim_1000/746.snana.dat
747	0.0	0.0104119112381464	0.001	T21_sim_1000/747.snana.dat
748	0.0	0.0308863912392919	0.001	T21_sim_1000/748.snana.dat
749	0.0	0.0091654681784588	0.001	T21_sim_1000/749.snana.dat
750	0.0	0.0714702865558349	0.001	T21_sim_1000/750.snana.dat
751	0.0	0.08750135830442	0.001	T21_sim_1000/751.snana.dat
752	0.0	0.0128578099786746	0.001	T21_sim_1000/752.snana.dat
753	0.0	0.0651617054885521	0.001	T21_sim_1000/753.snana.dat
754	0.0	0.0075936487536373	0.001	T21_sim_1000/754.snana.dat
755	0.0	0.0951501508988336	0.001	T21_sim_1000/755.snana.dat
756	0.0	0.0920211844561119	0.001	T21_sim_1000/756.snana.dat
757	0.0	0.0283864975277545	0.001	T21_sim_1000/757.snana.dat
758	0.0	0.068438229997543	0.001	T21_sim_1000/758.snana.dat
759	0.0	0.0511004078946199	0.001	T21_sim_1000/759.snana.dat
760	0.0	0.0189972099095439	0.001	T21_sim_1000/760.snana.dat
761	0.0	0.0873651459658332	0.001	T21_sim_1000/761.snana.dat
762	0.0	0.021676207056056	0.001	T21_sim_1000/762.snana.dat
763	0.0	0.0183241762243915	0.001	T21_sim_1000/763.snana.dat
764	0.0	0.0136227568171427	0.001	T21_sim_1000/764.snana.dat
765	0.0	0.054214215950568	0.001	T21_sim_1000/765.snana.dat
766	0.0	0.0816748094235588	0.001	T21_sim_1000/766.snana.dat
767	0.0	0.0124457746447322	0.001	T21_sim_1000/767.snana.dat
768	0.0	0.0674490644637487	0.001	T21_sim_1000/768.snana.dat
769	0.0	0.0841061863901465	0.001	T21_sim_1000/769.snana.dat
770	0.0	0.0905095882815162	0.001	T21_sim_1000/770.snana.dat
771	0.0	0.0621572638332577	0.001	T21_sim_1000/771.snana.dat
772	0.0	0.0255208388554507	0.001	T21_sim_1000/772.snana.dat
773	0.0	0.0993020428733987	0.001	T21_sim_1000/773.snana.dat
774	0.0	0.0756755761741539	0.001	T21_sim_1000/774.snana.dat
775	0.0	0.0773924479870574	0.001	T21_sim_1000/775.snana.dat
776	0.0	0.0388721682459995	0.001	T21_sim_1000/776.snana.dat
777	0.0	0.0181687843893217	0.001	T21_sim_1000/777.snana.dat
778	0.0	0.0065085150167742	0.001	T21_sim_1000/778.snana.dat
779	0.0	0.0025663157719718	0.001	T21_sim_1000/779.snana.dat
780	0.0	0.0194612065285588	0.001	T21_sim_1000/780.snana.dat
781	0.0	0.0235157340771355	0.001	T21_sim_1000/781.snana.dat
782	0.0	0.0896257781513698	0.001	T21_sim_1000/782.snana.dat
783	0.0	0.0814768131887479	0.001	T21_sim_1000/783.snana.dat
784	0.0	0.0015777706704627	0.001	T21_sim_1000/784.snana.dat
785	0.0	0.0022827677658698	0.001	T21_sim_1000/785.snana.dat
786	0.0	0.0801908443170393	0.001	T21_sim_1000/786.snana.dat
787	0.0	0.0779984280129635	0.001	T21_sim_1000/787.snana.dat
788	0.0	0.0674907354557777	0.001	T21_sim_1000/788.snana.dat
789	0.0	0.0162641492835299	0.001	T21_sim_1000/789.snana.dat
790	0.0	0.0911933545536444	0.001	T21_sim_1000/790.snana.dat
791	0.0	0.080448505436646	0.001	T21_sim_1000/791.snana.dat
792	0.0	0.0710073273494144	0.001	T21_sim_1000/792.snana.dat
793	0.0	0.0821114721456551	0.001	T21_sim_1000/793.snana.dat
794	0.0	0.0847933982881956	0.001	T21_sim_1000/794.snana.dat
795	0.0	0.0966013768586293	0.001	T21_sim_1000/795.snana.dat
796	0.0	0.0367088470774958	0.001	T21_sim_1000/796.snana.dat
797	0.0	0.0481726136462646	0.001	T21_sim_1000/797.snana.dat
798	0.0	0.0344816408943484	0.001	T21_sim_1000/798.snana.dat
799	0.0	0.0585327985231636	0.001	T21_sim_1000/799.snana.dat
800	0.0	0.0660544504977614	0.001	T21_sim_1000/800.snana.dat
801	0.0	0.001569678422946	0.001	T21_sim_1000/801.snana.dat
802	0.0	0.0240314359049508	0.001	T21_sim_1000/802.snana.dat
803	0.0	0.0065179458772648	0.001	T21_sim_1000/803.snana.dat
804	0.0	0.0910258300402537	0.001	T21_sim_1000/804.snana.dat
805	0.0	0.0194814755519854	0.001	T21_sim_1000/805.snana.dat
806	0.0	0.0713470212929098	0.001	T21_sim_1000/806.snana.dat
807	0.0	0.0869213527186058	0.001	T21_sim_1000/807.snana.dat
808	0.0	0.0256380589366343	0.001	T21_sim_1000/808.snana.dat
809	0.0	0.0237859026457744	0.001	T21_sim_1000/809.snana.dat
810	0.0	0.0426693525916093	0.001	T21_sim_1000/810.snana.dat
811	0.0	0.0924435780984768	0.001	T21_sim_1000/811.snana.dat
812	0.0	0.0861308578861534	0.001	T21_sim_1000/812.snana.dat
813	0.0	0.0459532857409487	0.001	T21_sim_1000/813.snana.dat
814	0.0	0.0634945255728189	0.001	T21_sim_1000/814.snana.dat
815	0.0	0.0191191162398036	0.001	T21_sim_1000/815.snana.dat
816	0.0	0.0113870643178538	0.001	T21_sim_1000/816.snana.dat
817	0.0	0.066575004340023	0.001	T21_sim_1000/817.snana.dat
818	0.0	0.0002996624281686	0.001	T21_sim_1000/818.snana.dat
819	0.0	0.065721698529507	0.001	T21_sim_1000/819.snana.dat
820	0.0	0.0131525907432482	0.001	T21_sim_1000/820.snana.dat
821	0.0	0.0646754063692638	0.001	T21_sim_1000/821.snana.dat
822	0.0	0.0277592182456801	0.001	T21_sim_1000/822.snana.dat
823	0.0	0.0414805713304991	0.001	T21_sim_1000/823.snana.dat
824	0.0	0.0553061261437784	0.001	T21_sim_1000/824.snana.dat
825	0.0	0.0880725257622355	0.001	T21_sim_1000/825.snana.dat
826	0.0	0.0082671791841099	0.001	T21_sim_1000/826.snana.dat
827	0.0	0.097366459397477	0.001	T21_sim_1000/827.snana.dat
828	0.0	0.0401769255352394	0.001	T21_sim_1000/828.snana.dat
829	0.0	0.0156159378113451	0.001	T21_sim_1000/829.snana.dat
830	0.0	0.0970483522124292	0.001	T21_sim_1000/830.snana.dat
831	0.0	0.0296822506134904	0.001	T21_sim_1000/831.snana.dat
832	0.0	0.0325377187025148	0.001	T21_sim_1000/832.snana.dat
833	0.0	0.0577860831429287	0.001	T21_sim_1000/833.snana.dat
834	0.0	0.0044358399223966	0.001	T21_sim_1000/834.snana.dat
835	0.0	0.0986600627313667	0.001	T21_sim_1000/835.snana.dat
836	0.0	0.0426435712712346	0.001	T21_sim_1000/836.snana.dat
837	0.0	0.0866351125356741	0.001	T21_sim_1000/837.snana.dat
838	0.0	0.0073546405116885	0.001	T21_sim_1000/838.snana.dat
839	0.0	0.0415263599208736	0.001	T21_sim_1000/839.snana.dat
840	0.0	0.0568590787114801	0.001	T21_sim_1000/840.snana.dat
841	0.0	0.0466844834306877	0.001	T21_sim_1000/841.snana.dat
842	0.0	0.0711464296924777	0.001	T21_sim_1000/842.snana.dat
843	0.0	0.0811810390953277	0.001	T21_sim_1000/843.snana.dat
844	0.0	0.089734003374613	0.001	T21_sim_1000/844.snana.dat
845	0.0	0.0036504974352588	0.001	T21_sim_1000/845.snana.dat
846	0.0	0.0481471104028583	0.001	T21_sim_1000/846.snana.dat
847	0.0	0.0421232034999484	0.001	T21_sim_1000/847.snana.dat
848	0.0	0.0286550938461085	0.001	T21_sim_1000/848.snana.dat
849	0.0	0.0040519843237861	0.001	T21_sim_1000/849.snana.dat
850	0.0	0.0332723121943049	0.001	T21_sim_1000/850.snana.dat
851	0.0	0.0406301991928133	0.001	T21_sim_1000/851.snana.dat
852	0.0	0.0409888629273559	0.001	T21_sim_1000/852.snana.dat
853	0.0	0.0495085851804334	0.001	T21_sim_1000/853.snana.dat
854	0.0	0.0967417432565982	0.001	T21_sim_1000/854.snana.dat
855	0.0	0.0996471716308544	0.001	T21_sim_1000/855.snana.dat
856	0.0	0.0017835464035594	0.001	T21_sim_1000/856.snana.dat
857	0.0	0.0221256193649041	0.001	T21_sim_1000/857.snana.dat
858	0.0	0.0138076592870599	0.001	T21_sim_1000/858.snana.dat
859	0.0	0.057536491913327	0.001	T21_sim_1000/859.snana.dat
860	0.0	0.0592732674548846	0.001	T21_sim_1000/860.snana.dat
861	0.0	0.059213722357485	0.001	T21_sim_1000/861.snana.dat
862	0.0	0.0028012437632314	0.001	T21_sim_1000/862.snana.dat
863	0.0	0.0529099947920016	0.001	T21_sim_1000/863.snana.dat
864	0.0	0.0379644977589033	0.001	T21_sim_1000/864.snana.dat
865	0.0	0.0595083221637919	0.001	T21_sim_1000/865.snana.dat
866	0.0	0.030243286871946	0.001	T21_sim_1000/866.snana.dat
867	0.0	0.0698194304985899	0.001	T21_sim_1000/867.snana.dat
868	0.0	0.0761528491935071	0.001	T21_sim_1000/868.snana.dat
869	0.0	0.0554738476988509	0.001	T21_sim_1000/869.snana.dat
870	0.0	0.0414561496058056	0.001	T21_sim_1000/870.snana.dat
871	0.0	0.0923668597418816	0.001	T21_sim_1000/871.snana.dat
872	0.0	0.0508857610991816	0.001	T21_sim_1000/872.snana.dat
873	0.0	0.0366185269836979	0.001	T21_sim_1000/873.snana.dat
874	0.0	0.0064215743729065	0.001	T21_sim_1000/874.snana.dat
875	0.0	0.032049271467388	0.001	T21_sim_1000/875.snana.dat
876	0.0	0.0031514845829984	0.001	T21_sim_1000/876.snana.dat
877	0.0	0.0044031169204406	0.001	T21_sim_1000/877.snana.dat
878	0.0	0.0102411051659525	0.001	T21_sim_1000/878.snana.dat
879	0.0	0.0757496525819546	0.001	T21_sim_1000/879.snana.dat
880	0.0	0.0419938682599002	0.001	T21_sim_1000/880.snana.dat
881	0.0	0.0321247832365097	0.001	T21_sim_1000/881.snana.dat
882	0.0	0.0891471123312127	0.001	T21_sim_1000/882.snana.dat
883	0.0	0.0995189943382065	0.001	T21_sim_1000/883.snana.dat
884	0.0	0.0954005927407731	0.001	T21_sim_1000/884.snana.dat
885	0.0	0.0533330234780657	0.001	T21_sim_1000/885.snana.dat
886	0.0	0.0267398379882986	0.001	T21_sim_1000/886.snana.dat
887	0.0	0.0748482595901175	0.001	T21_sim_1000/887.snana.dat
888	0.0	0.0523496976229578	0.001	T21_sim_1000/888.snana.dat
889	0.0	0.0474920221381766	0.001	T21_sim_1000/889.snana.dat
890	0.0	0.0563441413715877	0.001	T21_sim_1000/890.snana.dat
891	0.0	0.0382864154687284	0.001	T21_sim_1000/891.snana.dat
892	0.0	0.0534413409479924	0.001	T21_sim_1000/892.snana.dat
893	0.0	0.0218990798302996	0.001	T21_sim_1000/893.snana.dat
894	0.0	0.0902739897633758	0.001	T21_sim_1000/894.snana.dat
895	0.0	0.0869177312860802	0.001	T21_sim_1000/895.snana.dat
896	0.0	0.0735445098481757	0.001	T21_sim_1000/896.snana.dat
897	0.0	0.03309473040528	0.001	T21_sim_1000/897.snana.dat
898	0.0	0.0293691180084603	0.001	T21_sim_1000/898.snana.dat
899	0.0	0.0967495692556894	0.001	T21_sim_1000/899.snana.dat
900	0.0	0.0488494856467773	0.001	T21_sim_1000/900.snana.dat
901	0.0	0.0711100134974395	0.001	T21_sim_1000/901.snana.dat
902	0.0	0.0606082149664886	0.001	T21_sim_1000/902.snana.dat
903	0.0	0.0567179493799668	0.001	T21_sim_1000/903.snana.dat
904	0.0	0.0395377876205499	0.001	T21_sim_1000/904.snana.dat
905	0.0	0.0046953765289147	0.001	T21_sim_1000/905.snana.dat
906	0.0	0.0917746316567151	0.001	T21_sim_1000/906.snana.dat
907	0.0	0.0325053141245337	0.001	T21_sim_1000/907.snana.dat
908	0.0	0.0753003343578637	0.001	T21_sim_1000/908.snana.dat
909	0.0	0.037678973354766	0.001	T21_sim_1000/909.snana.dat
910	0.0	0.01756228560891	0.001	T21_sim_1000/910.snana.dat
911	0.0	0.0576725687512037	0.001	T21_sim_1000/911.snana.dat
912	0.0	0.0745319675125064	0.001	T21_sim_1000/912.snana.dat
913	0.0	0.0405664111327201	0.001	T21_sim_1000/913.snana.dat
914	0.0	0.0803148060078238	0.001	T21_sim_1000/914.snana.dat
915	0.0	0.0510335268134149	0.001	T21_sim_1000/915.snana.dat
916	0.0	0.0360900688468837	0.001	T21_sim_1000/916.snana.dat
917	0.0	0.0233468232470023	0.001	T21_sim_1000/917.snana.dat
918	0.0	0.0326471354158711	0.001	T21_sim_1000/918.snana.dat
919	0.0	0.0981614964538853	0.001	T21_sim_1000/919.snana.dat
920	0.0	0.0942410249646557	0.001	T21_sim_1000/920.snana.dat
921	0.0	0.0216197933877846	0.001	T21_sim_1000/921.snana.dat
922	0.0	0.038864078791057	0.001	T21_sim_1000/922.snana.dat
923	0.0	0.0261946604873012	0.001	T21_sim_1000/923.snana.dat
924	0.0	0.0055169014360889	0.001	T21_sim_1000/924.snana.dat
925	0.0	0.0154438763397175	0.001	T21_sim_1000/925.snana.dat
926	0.0	0.0239945694052264	0.001	T21_sim_1000/926.snana.dat
927	0.0	0.0959637406497638	0.001	T21_sim_1000/927.snana.dat
928	0.0	0.0302051724512891	0.001	T21_sim_1000/928.snana.dat
929	0.0	0.0829523570185744	0.001	T21_sim_1000/929.snana.dat
930	0.0	0.0404683963878793	0.001	T21_sim_1000/930.snana.dat
931	0.0	0.0128133483731567	0.001	T21_sim_1000/931.snana.dat
932	0.0	0.0395923193003417	0.001	T21_sim_1000/932.snana.dat
933	0.0	0.0981967359438919	0.001	T21_sim_1000/933.snana.dat
934	0.0	0.0857729193017003	0.001	T21_sim_1000/934.snana.dat
935	0.0	0.0218276425782366	0.001	T21_sim_1000/935.snana.dat
936	0.0	0.0499967101196634	0.001	T21_sim_1000/936.snana.dat
937	0.0	0.0490208726260714	0.001	T21_sim_1000/937.snana.dat
938	0.0	0.0773787807426496	0.001	T21_sim_1000/938.snana.dat
939	0.0	0.0365809854677881	0.001	T21_sim_1000/939.snana.dat
940	0.0	0.0439826846908035	0.001	T21_sim_1000/940.snana.dat
941	0.0	0.0022996168495607	0.001	T21_sim_1000/941.snana.dat
942	0.0	0.0124267393240877	0.001	T21_sim_1000/942.snana.dat
943	0.0	0.0406669858156907	0.001	T21_sim_1000/943.snana.dat
944	0.0	0.0113594299853376	0.001	T21_sim_1000/944.snana.dat
945	0.0	0.0630192832120079	0.001	T21_sim_1000/945.snana.dat
946	0.0	0.0921453029629104	0.001	T21_sim_1000/946.snana.dat
947	0.0	0.0928906175173093	0.001	T21_sim_1000/947.snana.dat
948	0.0	0.0731293409766029	0.001	T21_sim_1000/948.snana.dat
949	0.0	0.0538073266388613	0.001	T21_sim_1000/949.snana.dat
950	0.0	0.0308531603936222	0.001	T21_sim_1000/950.snana.dat
951	0.0	0.0419376690484709	0.001	T21_sim_1000/951.snana.dat
952	0.0	0.0127336458653563	0.001	T21_sim_1000/952.snana.dat
953	0.0	0.0554398835760272	0.001	T21_sim_1000/953.snana.dat
954	0.0	0.0483839563089687	0.001	T21_sim_1000/954.snana.dat
955	0.0	0.0536576875619073	0.001	T21_sim_1000/955.snana.dat
956	0.0	0.0134278960419819	0.001	T21_sim_1000/956.snana.dat
957	0.0	0.0537070618142932	0.001	T21_sim_1000/957.snana.dat
958	0.0	0.0686240749080571	0.001	T21_sim_1000/958.snana.dat
959	0.0	0.0568968579547014	0.001	T21_sim_1000/959.snana.dat
960	0.0	0.0416622428974201	0.001	T21_sim_1000/960.snana.dat
961	0.0	0.0809913260999152	0.001	T21_sim_1000/961.snana.dat
962	0.0	0.0458326915414464	0.001	T21_sim_1000/962.snana.dat
963	0.0	0.0074343257160481	0.001	T21_sim_1000/963.snana.dat
964	0.0	0.0574340559265265	0.001	T21_sim_1000/964.snana.dat
965	0.0	0.0581094016163532	0.001	T21_sim_1000/965.snana.dat
966	0.0	0.0748467198151972	0.001	T21_sim_1000/966.snana.dat
967	0.0	0.0549800011063514	0.001	T21_sim_1000/967.snana.dat
968	0.0	0.0020288769889175	0.001	T21_sim_1000/968.snana.dat
969	0.0	0.037410011813658	0.001	T21_sim_1000/969.snana.dat
970	0.0	0.0363725841530377	0.001	T21_sim_1000/970.snana.dat
971	0.0	0.0082286480130267	0.001	T21_sim_1000/971.snana.dat
972	0.0	0.0178943551452011	0.001	T21_sim_1000/972.snana.dat
973	0.0	0.0997090013237858	0.001	T21_sim_1000/973.snana.dat
974	0.0	0.046646607906087	0.001	T21_sim_1000/974.snana.dat
975	0.0	0.0946628536218457	0.001	T21_sim_1000/975.snana.dat
976	0.0	0.0219505041331123	0.001	T21_sim_1000/976.snana.dat
977	0.0	0.0100802691623022	0.001	T21_sim_1000/977.snana.dat
978	0.0	0.024920600761418	0.001	T21_sim_1000/978.snana.dat
979	0.0	0.0456252496570981	0.001	T21_sim_1000/979.snana.dat
980	0.0	0.0223494512762262	0.001	T21_sim_1000/980.snana.dat
981	0.0	0.0963012850868192	0.001	T21_sim_1000/981.snana.dat
982	0.0	0.0568260513789938	0.001	T21_sim_1000/982.snana.dat
983	0.0	0.0941024026462354	0.001	T21_sim_1000/983.snana.dat
984	0.0	0.0585677496571507	0.001	T21_sim_1000/984.snana.dat
985	0.0	0.0611679191324602	0.001	T21_sim_1000/985.snana.dat
986	0.0	0.0215181297655114	0.001	T21_sim_1000/986.snana.dat
987	0.0	0.0916810984968717	0.001	T21_sim_1000/987.snana.dat
988	0.0	0.0814445661972664	0.001	T21_sim_1000/988.snana.dat
989	0.0	0.0328385196304	0.001	T21_sim_1000/989.snana.dat
990	0.0	0.053746876008753	0.001	T21_sim_1000/990.snana.dat
991	0.0	0.0708198203405952	0.001	T21_sim_1000/991.snana.dat
992	0.0	0.0630160534858788	0.001	T21_sim_1000/992.snana.dat
993	0.0	0.0427202862535	0.001	T21_sim_1000/993.snana.dat
994	0.0	0.0934632021617853	0.001	T21_sim_1000/994.snana.dat
995	0.0	0.0205985502033308	0.001	T21_sim_1000/995.snana.dat
996	0.0	0.0466152553037221	0.001	T21_sim_1000/996.snana.dat
997	0.0	0.0513475924854108	0.001	T21_sim_1000/997.snana.dat
998	0.0	0.0647452125958022	0.001	T21_sim_1000/998.snana.dat
999	0.0	0.024837941240186	0.001	T21_sim_1000/999.snana.dat
