7.135494183604532137e-02
1.155746889551874795e-01
3.167027563264384615e-01
4.019040261838072170e-01
2.697616505639124362e-01
2.174289869079691073e-01
2.880798787509714423e-02
2.374279203464604027e-01
6.880900249007775027e-02
1.111204485302861589e-01
6.209652033840601382e-02
6.389257702019859320e-01
6.148861702458013889e-02
3.105335216447882227e-02
4.037599892272087376e-01
7.412761038760329324e-01
2.920879177237388769e-01
4.158587853854656124e-01
8.200336632027759032e-02
6.569922296593555533e-02
4.270628584520413384e-01
1.455366217118440608e-01
2.367188725059144461e-01
1.932755640688411380e-01
7.227812896045558710e-02
7.247234889260591173e-02
3.520510950121636951e-01
2.769673196085271211e-02
2.582898682917633693e-01
4.186898679744833346e-02
1.657754133672548202e-01
2.333497460153728387e-01
6.569638366314711764e-02
1.197496653331893979e-01
2.711625934472800536e-01
2.505787544615131063e-02
3.350798868207366995e-03
2.315802501945512792e-01
7.229818073435267944e-02
7.818486780999053809e-02
3.810863760813105183e-01
8.307978970214906222e-02
2.643412066659419635e-01
2.473595650864705842e-01
1.129573384196165542e-01
2.489733959443144601e-02
3.604380329808406502e-01
3.018001997588352636e-01
8.045356674517230300e-02
2.253908319872665600e-01
4.134667382687903792e-03
6.497947431425582510e-02
1.705518772702410354e-02
2.587085062086934631e-02
7.947235808776227650e-02
1.793912879579900588e-01
1.337870893475973655e-01
3.508440718524569735e-01
1.667923880887791088e-01
8.729622694983896203e-02
5.378266471760992928e-01
2.411423291697708526e-01
5.205073562819748784e-02
1.246874454097318258e-01
5.865166620265163666e-02
3.936629193075947830e-01
1.663732758500343495e-02
5.680122382451286978e-01
9.580292904394259457e-02
1.026724695276947097e-01
4.632790921252095129e-01
2.294894997503884107e-02
5.793804469184381523e-01
2.781812496932588655e-02
1.892960195460122869e-02
1.404721342619355273e-01
1.545327132006984183e-01
3.066088333174343816e-01
3.026958083283545764e-02
2.542493635577603439e-01
1.096522997864207566e-01
1.488050459361172362e-01
3.509291148850172681e-01
2.916429236820717863e-01
1.730069921617568424e-02
2.293252483035366773e-01
2.164412790659791530e-01
3.720066488035276286e-01
4.992855939023752021e-01
2.319831578465336025e-02
2.367134156052175809e-01
2.033233626132650573e-01
1.803274206610810948e-01
3.651181767833415748e-01
2.849761485641190140e-01
5.361725785860567417e-02
2.275946292564168527e-01
2.714348760219758780e-02
1.264659665488586382e-02
8.766433148487759452e-02
