-6.762159084527807895e-01
-1.330319677864290062e+00
-3.112151595712623897e-01
1.927580039558486891e-01
2.562227214126694408e-01
-4.363714183296052429e-01
5.445891326980106806e-01
-3.774126800079828370e-01
9.242541367386782891e-01
2.036591831498100746e-01
-5.676437665376454778e-01
1.599281753170481712e+00
-5.442566937455310949e-01
7.472064490221380639e-01
2.090735603806234411e-01
-7.740165933604495341e-02
-1.593176834933387020e+00
-1.458274614272693448e+00
1.419986721348878156e+00
2.956193665232516310e-02
1.534889496139529630e+00
-2.005393110219056307e+00
-1.420349419575364758e+00
1.916872898341781761e+00
-1.584658499319059610e-01
-9.429709321536565714e-01
7.062798602758739719e-01
1.378789001506231793e-01
4.549884351955861550e-02
-1.098129684515710913e+00
-2.496790586337329920e-01
8.511487671696311708e-01
8.081030411908626809e-02
-1.749884791975708231e-01
-1.084562728625052763e+00
-1.537480216752340034e+00
2.027838069061560944e+00
5.653459298893599438e-01
-6.305868109862776683e-01
1.653068770999225334e+00
7.550934239826987415e-01
1.040797589036796117e-01
2.009069302819599834e+00
-1.631818036311546427e-01
-1.026588565102015460e+00
-1.037103731901410253e+00
3.165020937068284135e-01
1.078765321651509401e+00
3.471955427636333469e-01
5.272112233283995364e-01
-1.309592388023588461e+00
4.193139822684648910e-01
6.469157174433356472e-01
-7.507994002106862519e-01
2.658589573041242882e-01
-7.546448424145341116e-01
-8.576478399743117098e-01
1.284528396802499417e+00
-8.862538173696962174e-01
-5.393384961082212659e-01
-1.509991406150030802e-01
-1.175136848299172199e+00
-7.167987781219925525e-01
1.042410545664603561e+00
1.182182040542563567e-01
-6.057017210675978980e-01
2.386527666150459887e-02
8.404223635479651788e-01
-2.665143324191250884e-01
-1.913774961057994828e+00
1.311932607101154336e+00
-1.498938452185460089e-02
-1.760780749990117633e-01
-6.902259724178649858e-02
-3.785293197699709511e-01
-1.721451641890610729e+00
6.739426016990663904e-01
-8.508381260068090812e-01
-1.188674568968960399e+00
1.259569467590319625e-01
-2.261419332589204578e-01
2.511173434819992667e-01
-1.377845276279515252e+00
-2.373880681176855578e+00
2.217887008278625338e-01
-2.898055264996491687e+00
-2.932846258915742799e-01
-3.324872253184266158e-01
-4.107162740509355259e-01
-2.087372162221048821e+00
9.764939164439426778e-01
1.464645152743554668e+00
2.032031160265011849e+00
-9.086323908941382754e-01
7.148250698149191118e-01
-6.201128146139760489e-01
-1.117048929057139040e+00
5.668817337674691981e-01
-4.909973411782272978e-02
3.781214997477231887e-01
-8.342969005324910592e-01
-1.118056301076866932e+00
-9.714657277360225773e-01
5.257859691615691666e-01
-9.405442497538135660e-01
-1.096427986709320068e+00
1.830392773298330944e+00
-4.861704922733599554e-01
4.281842622035915702e-01
-1.280387535490337791e+00
5.920750783725520217e-01
-1.229502897071615003e-01
-7.108157719747669467e-02
-2.462130163919457049e-01
-8.872110839621095701e-01
1.099958279606739753e+00
-4.499241421672258712e-01
1.805211730496931510e+00
-1.014487828934398594e+00
-1.258028909778318716e-01
-2.427575499299159112e-01
2.496770663705280557e-01
6.815889824367430405e-01
1.590568850398586809e-01
1.806838454929981186e+00
3.605562292414612457e-01
1.281806896048415023e+00
-3.668687927436485863e-01
4.533737277952720190e-01
1.519242788611484818e-01
-1.224207371654960408e+00
-2.377837054283394203e+00
-1.353591361869559861e+00
1.931318141023284085e-01
1.642837761527954799e+00
-1.599315862777101804e+00
-3.897681056884466089e-01
1.862150457609440757e+00
-9.654886772292906039e-02
-9.827048635606483451e-01
-1.241407928958874682e-02
7.263492579176197284e-01
2.138798106113626751e+00
-1.220076342591503549e+00
-2.219323215567646224e-01
4.902575697278871436e-02
3.448688581978646139e-01
-7.479314571362308817e-01
1.555647756820863314e+00
-1.246550789842621798e+00
1.095213719362877897e-01
-2.148371927872264053e-01
-1.275344872357087711e+00
4.407599627999949088e-01
6.678477178002838188e-02
-1.498113161041671137e+00
5.276434915845151785e-01
5.341993023452257933e-02
-1.515888414521596284e+00
7.961325892082633526e-01
1.408442049924512274e+00
4.746429141055650280e-01
-1.816124066615571131e+00
-8.479866484654931605e-03
-1.357261289831462603e-01
-7.341310637798371674e-01
-7.331832774896756000e-01
1.983353340678768006e+00
3.739421353316979557e-01
-1.616822133250401583e+00
-1.579643807806233147e+00
-1.590485623866082776e-01
-5.411558308606530948e-02
-1.647446533550736003e-01
-7.327695692537072869e-01
1.637639691488067539e-01
-4.178150778399168652e-02
-1.054127336357891576e+00
-3.001992830178004112e-01
-1.253739559231821510e-01
-1.084783161428363840e+00
-1.654309147632875954e+00
-6.334602942624373290e-01
1.224763938518726558e+00
1.248477548659639114e+00
1.577846441030561486e-01
-1.838427496361923819e+00
3.894853354118915645e-01
-7.745790244720001105e-01
1.135525409176451506e+00
6.591027683658774450e-01
-4.362306850674280145e-01
1.726824597263486805e+00
1.073718606964396471e+00
5.100847557798050547e-01
-1.263571436713292639e+00
-4.239535544291372915e-02
1.886929594661652221e+00
-1.006228334654984263e-01
-1.357104455363393081e+00
