1.138149296424147659e-02
1.606886261263253124e-01
4.148054720921833666e-02
1.256159097394453084e-01
5.397332920719538282e-03
8.460916588064186505e-02
2.754062822563832849e-02
3.385365463448631873e-01
1.986192763630154068e-01
3.339922301377156177e-01
3.582762057601054928e-02
3.129756436982961826e-02
9.554931651132685111e-02
3.408069560701582623e-01
2.769645571465534917e-01
3.665724512340092778e-01
1.755309234079580061e-01
4.229458293924264201e-01
2.538208654754202723e-02
3.447291513641011565e-03
5.809810390897128807e-01
4.939713810279418998e-02
1.278914065447703807e-01
1.073831866782483102e+00
1.093746319762125968e-01
1.136502461198675151e-01
2.148780448470913873e-01
1.622726678044106308e-01
4.940448471341334358e-01
1.755068280008194315e-01
1.544721093333099593e-01
2.582696420337349252e-01
3.332072240159622001e-01
5.291567933434523224e-02
4.969435844885902176e-01
1.183584248033883596e-01
1.990382942856046000e-01
1.427806436107917354e-01
2.190484823329477138e-01
3.912206506429240921e-02
2.754453595095198160e-01
6.257032284320039883e-01
1.387482645134118509e-01
6.810181212492968927e-02
1.364353717062977422e-01
6.374987270067767886e-01
9.274710251598822230e-02
2.241889331458572221e-01
1.352753775964598559e-01
2.934735478653683338e-01
1.105772659506712552e+00
1.140862944535244866e-01
8.573918673110186850e-01
1.894973704410563842e-01
7.287965482160788655e-01
9.606860410294584818e-02
4.481719870630642699e-01
3.308005676951967233e-01
4.516504925235899359e-02
5.204025866269213624e-03
1.908330325140177863e-01
1.037920468324489282e-01
2.305018391460447458e-01
2.344851043560085280e-01
1.273832783203702676e-02
3.009928129018343834e-02
2.767761613365145035e-01
5.941698518374528559e-01
1.859615545564817160e-02
4.704468972776224694e-02
2.764768132887169931e-03
1.859117577689332612e-01
1.383849551695683910e-01
7.682597926623480067e-02
1.822500757827478710e-02
1.617862985628645278e-01
4.545590188707107626e-02
2.777361712684552342e-01
3.451861053010336078e-01
1.858381269643918643e-01
1.717024729093570568e-01
3.707033723325935809e-02
7.616051569865765758e-02
1.141514145219781479e-01
7.090779838166101356e-01
3.343528358997749916e-01
3.826822993004190820e-01
4.993755410800101990e-02
3.166982927286953187e-01
2.620720494346361756e-02
7.549219893130960923e-02
1.525800125060927936e-01
2.086779429448382683e-01
9.973648925490266604e-02
3.060751541774426321e-01
1.228088566999474829e-01
2.950476044752549654e-01
3.248407524892417686e-01
1.957963152533225837e-01
1.327365298165643359e-01
3.706682647710038414e-02
2.104746679337504145e-01
3.091649579939697023e-01
1.544268635997539663e-01
2.113286360075413983e-01
1.776594022603904532e-01
2.266501245825540412e-01
1.009336740712905162e-02
6.193714338655451068e-02
4.400228123910797651e-01
8.646392534764754667e-02
8.993299927645462266e-02
2.704871860932112071e-02
1.265192148622278634e-01
1.754037922008238048e-01
1.313007225064694201e-02
4.197580063153404789e-02
1.029181540475695433e-01
7.169187860990977601e-02
1.238329638427390217e-01
1.667504319930137036e-01
8.637295411849316151e-02
1.968267962991921693e-01
1.647593744446984587e-01
3.902135863354203038e-01
1.061592897630333487e-01
2.568833208137463742e-01
1.295842297493434492e+00
1.463358494618481609e-01
1.995494545547644646e-02
5.392875288414262364e-02
5.405007876581648940e-01
2.848571515557264400e-01
2.567894389430669042e-02
5.513058063682936029e-03
2.549234774549049565e-01
9.556431055350853021e-02
4.085288210777654298e-03
3.577793492838841211e-02
1.579352869138364590e-02
3.141973569561361534e-01
2.189263830540347580e-02
3.949255846908626966e-01
2.968015501253049027e-01
2.806459481453106863e-01
2.357202399410560784e-02
8.193747200543154141e-02
2.409387039995541935e-01
1.251204520697218880e-01
1.837214725606097498e-01
6.532193644892704543e-02
3.950492425966530829e-01
1.478739241629667238e-02
5.788745895581726836e-02
7.114964812871268363e-01
9.809717100097907760e-01
3.299110488726834101e-01
6.467684787823024806e-02
4.334052546709886433e-02
2.023639345921858790e-01
1.717474880692262396e-01
9.065116571916097266e-02
2.901500763847506548e-01
1.971561053784514628e-01
2.513287493280333754e-02
2.011852776449568059e-01
5.617398708288733056e-02
6.554471096318547074e-01
1.732372237305147486e-02
1.231100210467143130e-01
2.796326722116859176e-01
1.594535490475430459e-02
3.018037657862373546e-01
3.784150580852310014e-02
1.004020129108091908e-01
2.934959721067276761e-01
3.975221627319409923e-02
9.206111132597132041e-02
1.673383379894202716e-01
5.148407914770379845e-01
6.276672458223114814e-02
1.681006532800951789e-02
3.331257400899196863e-01
9.771636340505869545e-02
1.612987485815145228e-01
5.386894299302635337e-03
1.428272551462009265e-01
4.827684770483152144e-01
1.047170705739506116e-02
1.185107764807248776e+00
1.292928397582876754e-01
5.107058800492579875e-01
5.208764878997883957e-02
3.323057188009012619e-02
3.388424482150647066e-01
1.063771513868015939e-01
6.775419517104468159e-02
8.912433034145079980e-02
1.304354297928415063e-01
4.516794345291839929e-02
