1.893882941831627198e+00
6.536459696096383887e-01
-2.098634239113395528e-01
5.807120749422503003e-01
-1.063917687609972074e+00
4.568116712244974509e-01
1.451870515524878114e+00
5.669199217628477783e-01
2.045642310708828127e-01
2.712534939823590951e-01
9.503174107670445681e-01
1.204153079236078394e+00
-4.230126754098477437e-02
-4.193712867219360763e-01
-7.445389774086867973e-01
-1.143564369713223616e+00
1.259978857901902449e+00
-7.643947238511253350e-02
-4.423298068693801155e-01
-9.718682082533269817e-01
-1.059477559954334902e+00
2.037741614544184454e+00
7.416019276730809739e-01
7.750468665383399847e-01
-2.463902100507421034e-01
4.844308120379861027e-01
6.774518123527304425e-01
-3.601272219060149271e-01
-5.966992009346585579e-01
-1.424072527890662965e+00
-1.161495259503189104e+00
-8.474536380455838236e-01
-9.354144463922861030e-01
-4.785411685220526401e-01
-4.842858828353944350e-02
1.007335732227793157e+00
-9.609671017022530792e-01
-7.854382266951147606e-01
-1.512814303965297480e-01
-5.011418515940725404e-01
-6.037083540099394963e-01
-1.558346720973002641e+00
1.197894642880954763e-01
1.201329850384806441e+00
5.721984028511318821e-01
9.898695008047756483e-01
1.116276964850020592e+00
4.124618291390334535e-01
-1.102215529744014599e+00
7.374031867264760343e-02
-1.698683663792842913e-01
-2.277771108098065184e-02
-8.343404659665746292e-01
-4.383111900921832782e-01
7.117802151536154476e-01
-6.837701750913297571e-01
-9.057142356467350330e-01
2.559629116907772950e+00
4.185275902759674760e-01
1.669559406093130138e-01
8.658585627924271222e-01
4.442254965396426059e-01
-3.240125697864195686e-01
8.517283763502643545e-02
6.769408460511379122e-01
3.317411611648501402e-01
1.044283652584046651e+00
9.097282335967190603e-01
-1.536557359783457199e+00
2.564111354370438578e-01
4.372537519959605601e-01
-1.037812364598680759e+00
1.877304853917099559e+00
1.438956590167186911e-02
2.680222146841829911e+00
6.931862848159554558e-01
4.806536883307896413e-01
3.363097763311159172e-01
-1.338703890605581481e+00
1.650037793576868417e-01
-1.634812344195930578e-01
-1.689149751695479873e+00
4.601844823015436847e-01
1.301735090387545091e+00
3.258356956200897381e-01
-1.385426934787151509e+00
9.913862718991990342e-01
5.243058266258099342e-01
1.186270268118892190e-01
-5.532027968910995241e-01
9.564712188368492685e-01
-8.182446017895160517e-02
-1.141626407150070799e+00
-1.895604058060451624e+00
-1.788166970768346076e+00
1.088583224212417294e-01
-1.793108906115469470e+00
5.244111441872292279e-01
2.919909842836455605e-01
2.314246351431348825e-01
1.597874993541056554e+00
-1.590420963542115596e+00
-1.231852753238659171e+00
-8.106279371976146120e-01
2.702582580840689475e-01
-1.068020777410346733e+00
-6.065499958914060130e-01
1.573217881799338302e+00
-5.434533927219662441e-01
1.004680016432849543e+00
1.332347765464687361e+00
2.665547849217389409e+00
6.104624905033921856e-01
-7.409751030164768437e-01
1.290679312831646497e+00
1.621751544779179932e+00
1.413008182618668451e+00
1.629834045794256725e-01
-4.657606487698727205e-01
1.117628862833636204e-03
-2.286543827983278654e-01
3.911170319786665406e-01
9.639113222829445160e-01
-1.400542377866698995e+00
-1.355689629349036585e+00
1.209648714270259662e+00
-4.455899141358616311e-01
1.802821758546091946e+00
-9.384156663369928875e-02
-2.785338858743381385e-01
-1.409376151498728524e-01
-7.558506800706846773e-01
-6.438068449778938662e-01
2.720070097322616398e+00
-1.287233221293663556e-02
1.613620317815621097e-01
-2.205048634964355270e-01
-2.884225386200854335e-01
1.884417007628613305e+00
-4.429937035273836532e-01
8.423479646806079080e-01
-8.167601363284572313e-01
-4.765560840601513193e-01
-6.032124724487486489e-02
1.184453713255994911e+00
5.617513693237536909e-01
-9.249548896103974849e-02
-5.200612515485462549e-04
2.469407047705241443e+00
-4.374126791752068755e-01
1.107545826680050638e+00
3.074042410285091620e-01
-1.811210431165736878e+00
7.083068477182296041e-01
-3.047430000446933393e-02
-6.706878153979584090e-01
-8.834568821940921302e-01
-9.340502771774494839e-01
1.444101814292690078e-01
1.106602638562980800e+00
-9.182213662737270798e-02
-9.437289155646070293e-01
5.008361109163289582e-01
-6.359367670694175689e-02
-7.044712709724814115e-01
-9.633257154849548254e-01
1.754476565367711460e+00
-1.297674781101288699e-01
-1.478294220351752841e+00
4.542308036777435443e-01
1.465453128788140047e-01
-1.055984072017473574e+00
-7.259981426084167744e-01
-1.304087580747127051e+00
-7.484325347618459023e-01
-7.527144881278060584e-01
-3.626692896174087410e-01
4.336977534040279414e-01
-1.095420808218625780e-01
-1.582376086494930778e+00
-1.161008405304637447e+00
-5.692930393972577274e-01
7.382284471197637643e-01
4.053845187715438558e-01
-3.699556516337122458e-01
2.170300053199808676e+00
3.120655258596937154e-01
-8.168010444371494039e-01
-3.763214466947224779e-02
-7.707467661862763553e-01
-6.066202999304736165e-01
1.202309156509251409e+00
8.480194150887011562e-01
-1.295980566446974347e+00
-3.300055715948085888e-01
1.358942322884503007e+00
9.576732861973396016e-01
-4.903729799111771759e-01
-1.755491782727625072e+00
4.934413174010477965e-01
