7.036735696590884492e-02
6.036527396240358445e-02
2.941311734586867649e-02
2.999777437811522798e-02
7.490080911713775658e-02
3.414474955898477715e-02
7.720197232618808414e-02
2.040406185089505692e-02
3.697786713184120222e-02
3.130626649072329459e-02
3.832070499216794907e-02
6.335105585083324053e-02
4.807200757216718162e-02
2.916305311135408695e-02
2.698189537745606520e-02
7.985927091684169588e-02
7.262857608533129783e-02
6.940824679118065554e-02
5.815084551214234204e-02
5.652018749411176490e-02
1.709344503729138057e-02
1.584725903815590795e-02
2.266910142561258390e-02
6.527649339333302381e-02
4.750038133324704925e-02
6.870336511603555851e-02
4.284333287202229945e-02
2.747089662732526971e-02
7.012936271962350032e-02
7.657950259865488329e-02
7.215374101242884308e-02
2.407402373558065189e-02
1.766593424401494833e-02
6.218740664546620889e-02
6.153737189963765647e-02
6.025922641331918350e-02
5.020233215014750783e-02
5.763309463230201213e-02
2.887852833014108167e-02
2.265755177588459762e-02
6.907828012782661620e-02
7.860474516116722210e-02
5.473631749272592217e-02
7.996587462049238593e-02
2.118694431739994236e-02
6.126141300060120032e-02
2.184920336479485858e-02
7.273202514522364437e-02
3.896051146524542874e-02
2.341070258918419994e-02
7.505335495960213654e-02
7.976103646366930477e-02
3.269883068484264604e-02
7.543677926619402063e-02
7.840984952833197907e-02
4.850361967596747426e-02
7.077180316841116814e-02
4.765905408536793425e-02
5.050284062523830581e-02
2.994295158441965393e-02
7.532382817691080090e-02
6.158973609703153468e-02
7.657559182681278331e-02
6.823321013120943468e-02
4.536233015158461224e-02
7.757984995361220937e-02
6.973262069392563434e-02
7.466977074822510330e-02
6.623598085824733417e-02
7.899476113417740197e-02
7.524338627574100880e-02
3.333656809957336042e-02
3.956801699085004537e-02
7.192144950017959060e-02
5.943906965751822452e-02
3.415612083037313645e-02
1.708509236444834961e-02
5.523031973852790544e-02
3.327227433785355515e-02
2.306112299821044473e-02
5.383308886853647307e-02
6.691945284966054064e-02
1.676461003544654771e-02
7.214468194674358847e-02
3.448594967331829880e-02
4.121220726454116051e-02
5.660762799947022944e-02
5.177573392571321875e-02
1.951860871779014656e-02
2.873350542285259268e-02
6.355052665825949854e-02
4.136807472304043776e-02
7.073633518591677938e-02
5.450838985944915505e-02
7.096141439715263066e-02
3.031565753991026513e-02
3.581004636632225541e-02
7.991907966752104242e-02
3.083518517373466661e-02
5.984097343090257620e-02
7.692743036605342866e-02
6.848361276593403768e-02
6.260941080314924578e-02
4.063321162532641806e-02
7.083936974515821217e-02
4.645910729329572053e-02
4.690823914670598505e-02
2.385462657366471673e-02
5.615671747167259864e-02
3.636428712064650182e-02
1.839404042213085150e-02
5.172814090724600633e-02
7.945238100146083393e-02
5.039467405000483402e-02
7.501079868028018294e-02
3.874505487508001639e-02
5.923710222701990269e-02
7.305920280436217773e-02
2.857613006119414517e-02
5.804611474797853610e-02
3.308767308975091304e-02
3.702570507378380449e-02
4.088950474370939975e-02
6.408566940095199171e-02
5.031069656150823077e-02
2.812213872529528008e-02
7.525410643683658196e-02
5.424235095966874892e-02
3.827991486011723954e-02
6.486320273845386231e-02
3.606045760845823234e-02
3.888732964646907098e-02
3.594004675166963259e-02
4.921545408195192317e-02
4.202379952246458605e-02
7.522906978059451522e-02
3.204618426251956698e-02
6.452203959341601402e-02
4.287004776857686328e-02
7.902741046129568847e-02
4.475297741339717694e-02
3.998977336229285473e-02
2.339655274837797866e-02
6.995686773878809217e-02
4.585610111474727746e-02
6.905320671487699680e-02
2.682510153222606233e-02
4.673213941084906897e-02
2.542581902969894350e-02
3.857302312571144615e-02
4.271442438629693972e-02
7.805407118116658438e-02
3.859443073111029632e-02
7.554208500527648251e-02
4.829041182604265625e-02
5.149268984668634030e-02
3.811456837592307190e-02
5.431310766224529962e-02
3.086520501103016609e-02
4.544337084189324638e-02
3.877666609597729686e-02
7.684451581049145386e-02
7.566675559656491079e-02
5.688939145166298922e-02
5.653776417161987533e-02
4.258934340224504456e-02
3.383917101764684354e-02
3.089265719929306514e-02
3.183820525307662352e-02
4.304664027409296767e-02
6.358475012910516644e-02
3.732716036312638819e-02
7.265476314010059500e-02
4.138306081746825904e-02
5.266859219433724093e-02
5.467915351694774273e-02
2.231818318338414653e-02
7.815976540200156308e-02
6.068081844482817178e-02
7.437040250019953669e-02
2.026240146249331034e-02
3.702641183940529740e-02
6.593083811155235618e-02
2.346871064550836924e-02
4.116208124696547205e-02
5.602204030881299812e-02
2.434429153742041774e-02
2.884221665671887758e-02
4.543061295210374523e-02
1.959583840968476959e-02
5.149392153591229870e-02
7.428678853180073482e-02
2.637294506141828893e-02
7.004561443405299404e-02
1.971818726749974965e-02
3.337592397203148487e-02
5.667357355559853038e-02
7.064900863185133439e-02
6.789303117651196429e-02
6.568935961010785585e-02
