5.745822979712600365e-02
9.996058239774436791e-03
1.665839445133444202e-02
5.005395521639864898e-01
7.798042068248691727e-01
1.421472459001344724e-01
8.801431017408577195e-02
4.354055944018511703e-01
3.923444971753905497e-01
4.448251920924384817e-01
1.770579320477321805e-01
1.093395610038359750e-01
7.550362757592081649e-03
2.372976082552097132e+00
8.813424323602778165e-02
5.938283047931754849e-02
2.719218831782268531e-01
4.462955541117894498e-01
2.699817828355402863e-02
1.148369152350295769e-01
2.918997618393835980e-01
3.316597246902384111e-01
1.104238729749374426e-01
9.431622963879424809e-03
3.818927510887208943e-01
2.393912587593177155e-01
4.184358473012279589e-01
2.405874402484106944e-01
1.982551794981633475e-01
3.150448010967862311e-01
1.524217850677497543e-01
1.740298888861982474e-02
4.928391435662574094e-02
6.097983454023543359e-01
6.366790128044668151e-01
5.601703493463624367e-02
5.592551312039077682e-02
3.188374513400609733e-01
2.010246964916900525e-01
2.878084258586436489e-02
6.564554514035276789e-01
1.975213306278715553e-02
7.866948496752058234e-03
1.527448174321021923e-01
2.347129006796578599e-01
2.834211502108763270e-01
3.239028125371374439e-02
6.062449708058853526e-02
4.584568291936964579e-01
7.113942677538969139e-01
6.703029492161143542e-03
1.091424513589491330e+00
4.076972551659681088e-01
2.246242230305996457e-01
7.604363125893913444e-02
2.964759686929482330e-01
1.460893418023177237e-01
3.505725253847412071e-01
9.170574614972557548e-01
7.938153775529760425e-02
1.010024857276512616e-01
2.582075698508857348e-02
2.051949055020220805e-02
7.351135811774124618e-02
2.292264398215428448e-02
3.003584093984071890e-01
2.590519033031714047e-01
2.243471377394112287e-01
1.736147330955810919e-01
9.143003207661253018e-02
1.154101380182490089e-01
1.628476905467264937e-02
6.550288323694407333e-02
3.837280739558523446e-01
1.956574766106330965e-02
9.624588397022892927e-02
1.463541828697189628e-01
6.701805039044862744e-02
7.925788630343677532e-02
6.546191577890288216e-02
4.658364679673105413e-01
2.358201691213566153e-01
1.404764565747864680e-01
6.780261432662633425e-02
7.327533429686223024e-03
2.122050081394690757e-01
2.840190624901645436e-02
5.170345916539337283e-02
1.635842180018974024e-01
2.046988053323823276e-01
1.925766985973697415e-02
1.529647483244548911e-01
2.765550738281093504e-02
5.043003380038378891e-01
5.248290649856112156e-01
2.533772724750654043e-02
6.222593162462222022e-02
6.530726925163661545e-02
3.343337427876355572e-01
2.682762740473177976e-01
1.078508360416108036e-01
1.653287281384925589e-01
1.587242019438904195e-01
4.151836802950876343e-02
3.073363837489638539e-02
2.696715829253367169e-01
8.826463793665259572e-02
9.421548710111182778e-02
4.842640910821979089e-02
8.071303227383624934e-01
7.388076439811397389e-01
1.987683199462232375e-01
2.332583537676301833e-01
8.727135713169781317e-02
8.195760980550692576e-02
4.251064605617662640e-01
6.906999763698689065e-01
1.292392181214597480e-01
1.780097575473838512e-01
1.584764360935435323e-01
1.594310464282807649e-01
1.999373935238304423e-01
8.998902695907719240e-02
1.119744839729489988e-01
5.757349957109920702e-01
2.413633247285043859e-01
1.773408618016213689e-01
3.237794974905642276e-01
7.452652430149597773e-02
1.280570731360114282e-02
1.183244361517390465e-02
7.608719104110293896e-02
9.344421347346211493e-02
1.408169131688898623e-01
4.168590490262483184e-02
3.666355667058064927e-01
6.053346604723024438e-01
3.468705657780699753e-02
3.554267858337814556e-02
2.134613178501520714e-01
8.901498808653186545e-01
3.297117238011113439e-03
3.570037670144365211e-02
8.603998561116132926e-02
2.197606214778745903e-01
7.392842479049520632e-01
3.834866146602032289e-01
1.665829233769482720e-01
1.620054476234648599e-01
3.524427305241921160e-01
1.507030424121642009e-01
1.738367860866047165e-01
1.195585330547454528e-01
2.825475461590681511e-02
1.959247270063624591e-01
1.563949669619482397e-01
9.106477934267362406e-02
8.890666562389888672e-02
4.038509100943099561e-01
3.232587830398952339e-02
6.753036958525192590e-01
2.617238270544222645e-01
7.094836263087819783e-02
4.623793453471932713e-01
3.565256761801441909e-01
2.325240430003051584e-01
6.972333233837881006e-02
2.521423995833407261e-01
1.557740621030716532e-01
1.088060851763228143e-01
5.113793102771942156e-02
3.807421903318958245e-01
5.797115843404284652e-01
1.419063058683008027e-01
1.114826166084840753e-01
2.228043828204495924e-01
1.718587193114114869e-02
4.827828563948479146e-01
6.466767341087309440e-02
5.446045790450176893e-01
3.466527715635177587e-01
4.370869792778994123e-01
5.012358192905651266e-02
8.619871935653177220e-01
1.076224445082524239e-01
3.288801292078732397e-01
2.046425199807089257e-01
5.910940691627630805e-02
8.206316292841678295e-02
2.136592781993305878e-01
1.145049709196050702e-01
3.424762872526014301e-01
8.632392794696568117e-02
5.422277151025591425e-04
1.250046031691370574e-01
2.475483839524150464e-01
1.870906994472677776e-01
2.711147592088818392e-01
1.326886597811033353e-01
2.848017440755300222e-02
