5.470729323058216853e-02
3.302342517901658142e-02
4.957650620300187994e-01
3.359363257763636756e-01
7.411805532621273951e-02
1.348887438867175104e-01
1.109813079716486683e+00
7.475372701688935695e-02
2.112269601039523312e-02
1.631162091470399478e-01
4.883216580378443861e-02
1.436192095919654466e-01
1.643247913081630762e-01
8.029623368082465518e-02
1.830289043402274496e-01
9.163102793167063331e-02
1.641865889663538533e-03
3.712977120606765769e-01
7.783990458709041382e-01
3.272711528671807257e-01
7.841125063800240269e-02
2.092752407254870606e-01
9.410377076077020009e-02
8.743786251900124984e-02
5.008910852740323938e-02
9.157618104308654083e-02
1.482611974866235652e-02
1.361945640520937639e-01
1.996214240575561460e-01
5.948890307467050859e-02
6.913565460320486578e-01
6.487930688190882145e-02
4.963742289370096789e-02
2.042775709850119525e-01
1.029157514810021407e-01
1.838537462466206251e-01
1.248429972228620455e-01
1.422201941216567553e-02
8.867256598066988738e-02
2.077589895413959331e-01
1.214559510468519732e-01
1.723305448680430545e-03
7.759704481331327307e-03
2.186396617047471624e-01
1.245265569599453837e-01
2.105712959027717657e-01
2.043851710545524225e-01
8.974399657700232735e-02
6.786817036780590229e-02
3.438273301269394785e-03
1.583819891021837067e-01
4.814683355053745589e-02
3.459635954721738127e-01
3.776232304769586712e-01
3.574684157855501643e-01
9.631487275430471173e-02
1.702411911127153510e-01
2.340267216464464728e-01
3.386335647885495986e-02
5.624369212819230190e-01
3.124302211120750239e-01
1.893141489274850764e-01
6.490949625446390536e-02
6.297658905852594573e-03
3.342555381901163303e-01
4.829735975809085896e-02
5.478048928475093282e-02
7.744371513046194311e-02
5.776933052752141612e-02
2.077533276766942716e-01
5.886754047778779420e-01
2.360094931091645809e-01
1.290318026421480413e+00
2.169842955415329511e-01
4.333308904066501821e-02
2.258515155054678369e-01
1.805156642787706656e-01
8.754176485922961215e-02
8.814861590894240706e-01
3.377001040863305548e-01
1.224880341801525552e-01
3.671515595286475309e-01
2.330157483007593011e-02
4.337140873631156190e-01
1.534155580925510853e-01
7.675057021203747221e-01
2.808302276914503848e-01
1.487461396994570195e-01
3.946234633724206575e-01
9.685475000359665410e-02
3.921040314033477081e-01
4.142724364165647349e-02
1.692126832539539785e-02
2.719350357350298064e-01
1.489839112200237181e-01
5.815550944527438787e-02
1.350605154702519684e-01
2.339598655512817038e-01
2.063194853885431390e-01
9.940239473950945870e-02
1.617523387416262282e-01
2.440914613283985679e-02
3.761308577277251014e-02
5.309728076295756605e-01
3.729269109625383272e-01
2.997681180889528660e-02
4.166935823523796323e-01
3.018322353105754030e-01
6.050481434609170650e-01
2.543182104354883566e-01
1.243148505045258145e-01
1.339668958743389995e-02
1.063734692460678172e-01
6.340962838127165435e-01
5.445858122665732381e-02
4.317466474631557333e-02
3.492846029991609341e-02
5.686512377593064826e-01
8.299404318637450262e-02
1.483082134915463257e-01
1.876820280657219842e-01
3.598709765459781607e-01
1.021171459842720175e-01
2.148900132197505697e-01
9.669353165805491188e-03
4.075228774619029104e-01
7.819256573982873160e-02
4.241630219893609971e-03
3.755290497411739592e-01
1.316147880322867669e-01
3.489014572321169072e-01
2.530296303487089647e-03
4.537632960835245588e-01
2.844713270294081942e-01
1.336261313572986720e-01
5.524505724384450034e-02
3.190995614795837376e-01
2.017568876466254435e-01
1.185848020785167968e-02
1.965491469321968554e-02
5.718888894105646215e-02
9.828640104148407552e-02
4.810919926073155967e-02
2.733454257857250713e-01
4.094421389603519756e-01
2.516529384518416748e-02
3.718728243071424688e-01
1.216790133260961942e-01
2.807583574085733558e-01
2.246175118322728537e-01
4.496825416083270570e-03
6.914417833680978898e-02
3.740459876237055281e-02
4.768073704015358127e-01
1.497947844024905169e-02
2.712374569552113424e-01
1.453932029755604372e-01
3.494342742870019947e-02
2.712125108429848108e-01
1.063449160800412352e-01
1.804385647075326393e-01
1.385562972018358208e-01
2.268611360590100656e-01
4.837857281585046521e-02
5.282638593112304326e-01
4.248334345035780224e-01
1.022051233962194966e-01
1.199569392061160950e-02
2.111654467239824570e-02
5.149630410950499781e-01
1.200944100702911604e-01
7.755608345880478371e-02
1.494766621718637833e-02
3.200653998748937412e-01
3.617350722946597874e-01
2.298025535528419039e-01
1.234593434981482440e-01
1.181575705523135872e-01
9.788574611408389168e-04
7.543077368938760907e-02
2.275618613316817210e-02
5.481482562016520149e-02
1.611281856915651456e-02
3.161215818720845561e-01
4.605660633131415382e-01
1.733325436746109005e-01
5.996889830122385107e-02
5.691506772312310281e-02
5.454755028419107088e-01
1.885184265016129901e-01
1.204757612148945889e-01
4.315463580936738097e-01
1.992861743198211591e-02
1.265026795075006871e-01
1.316854059682288913e-01
1.445222226514987773e-01
1.710589398305008002e-01
1.836009167641819984e-01
1.730793804984439577e-01
3.590170872293456661e-01
