-1.196857126666666327e+00
3.832718021364964756e-01
-1.284636450548045428e+00
1.896284525829851519e+00
-1.471536207702963006e+00
3.672274889629561501e-01
1.452433056437117287e+00
3.037970899560165083e-01
2.042052889019095319e-01
1.906821575582744455e+00
-5.702467430354288824e-01
-1.911557632445181731e+00
-3.385952633673926238e-02
-1.327531595933767905e+00
-1.912436065418006592e+00
3.629556275573322388e-01
1.612259715398724369e+00
1.221579494035249236e-02
7.178146343450128031e-01
-4.286449332157836190e-01
5.680561696374422098e-01
1.100088743135125391e+00
-2.984698697324596139e+00
-1.238444003436197649e+00
-7.051358320401815427e-02
-7.419487699691917904e-01
-1.413595921941820377e+00
-3.390405872229753648e+00
4.697884922899887156e-02
4.465772277985492061e-02
-7.212626202037394352e-01
6.050063186133819437e-01
-9.847994963841978366e-01
-1.587295435955204947e+00
1.008867800471107357e+00
1.049018400766380754e+00
-9.327102677619738547e-01
-9.582537021686819978e-01
1.165974072575992393e+00
-6.844552304384140529e-01
7.825412635915682813e-01
2.550613896832653604e-01
-1.358015570316765563e+00
2.820705235547731338e-01
4.593823244134143113e-01
1.865961448604217532e-01
1.533057517062780262e+00
9.358648423114813986e-02
1.473877958677121569e+00
4.369245497450829352e-01
-1.577119877931284719e+00
-1.370174734957217089e+00
1.427150630392452157e+00
1.257072624742973765e+00
-1.008375863758679269e+00
5.547260277157625707e-02
-1.115716377578248979e-02
7.845266882338242098e-01
2.366047522063020880e-01
-6.510217943130061080e-01
-9.303346545749984209e-01
-2.747801735788734656e-01
1.068257271323720392e+00
-7.348947582423143166e-01
5.158451149079382736e-01
9.454119692966707067e-01
-1.226695304232213291e+00
2.059131204317534269e+00
1.464454988357563325e-01
2.147090700209376146e-01
-1.984349545954861016e-01
3.045455410749809411e-01
-6.514347402667811648e-01
-2.434211962794173179e+00
-1.814516581562640729e+00
7.114961295981407918e-01
-8.107587609942140672e-01
3.970775519152769384e-02
7.218103477673287749e-01
-2.532651877095077886e-01
-3.343393513640059989e-01
-7.624933432422784652e-01
-1.132254113014914632e+00
-1.406468024618074075e+00
2.465663784399124037e+00
3.116323567656595697e-02
1.276421705298171672e+00
-4.619299666048301556e-01
-2.994784075394835154e-01
-1.095502652898687090e+00
-1.354653566838095458e+00
9.582572364143461252e-01
-1.903038905778895895e+00
8.433021993609645106e-01
-7.872889877477587950e-01
-2.990786034352140854e-01
-3.205712167609326424e-01
-6.635236502684157545e-01
-1.438138129150783318e+00
5.937947707232243966e-01
-1.884071906293991683e+00
1.341211805293702319e+00
-1.479373112776041777e-01
1.180653746018519135e+00
6.040327770032769550e-01
7.799518678478681855e-01
7.158570528624621510e-01
-2.803361319942971885e-01
3.241102635150237443e+00
1.329025402119171417e+00
-1.472285739451910436e+00
1.781908223630563448e+00
1.586261095756807404e-01
-5.406811279092348793e-02
1.792443830728660537e-01
-1.976397759425157219e-01
-7.572481514420658089e-01
-1.873513425678998257e+00
1.592890072536644608e-01
-2.024627144409057444e-01
-6.176288682288711973e-01
-4.115453659743933956e-01
4.024650914077209096e-01
6.969330925707655222e-01
2.945794220255652518e-01
-5.027226681757009930e-01
-1.198003152199243360e+00
1.100588568720234188e-02
2.504527542430196707e+00
-1.269151693521136437e+00
4.287720429207960565e-02
2.251362435909236293e-02
-1.138115123205228008e+00
1.280585443635137988e-01
-2.056946026625365020e-01
-4.682576206956887699e-01
-2.452476911998114351e-01
-1.430396554965648992e+00
1.318497664626884447e+00
-1.740869699157078898e+00
6.886467646723042069e-02
-1.752928244176009676e+00
1.276238026752360977e-01
1.169802933338672357e+00
2.040141752624324401e+00
-9.138245540643700204e-01
-6.200387475651424340e-01
1.348436728846701627e+00
-9.045341776063966499e-01
2.815077635421180807e-02
5.782102834093435506e-01
-1.380539566347595892e+00
-9.199066378219720175e-01
-1.168057275231428223e-02
-9.608690556600689714e-01
1.524691858421770796e+00
-8.599879317830199099e-01
-7.921123621242982527e-01
9.211339384265384567e-01
-3.903078010823181065e-01
-1.803319995904464068e-01
1.003081836812199423e+00
-1.415052337947010574e+00
6.567636084023309451e-01
1.135657012173116875e-01
-7.776607487981736233e-02
-2.819720997881318136e-01
3.416396303453610450e-01
1.176484769504246408e+00
1.641305116749841864e-01
1.306570915563193491e+00
1.338572695208179453e-01
5.737930374854759430e-01
-2.472093689336381794e-01
9.675294601267957484e-01
6.037039541811940468e-01
-8.079828683692185098e-01
-1.930714619946151345e+00
-2.234229920948479220e-01
-5.094131857075255843e-01
1.540541280004303015e+00
-7.915098304192379475e-01
1.956487175762940470e-02
8.013194009517135008e-01
1.826739202988101995e+00
-1.410077256437242799e+00
-1.189676809032066407e+00
-3.147303106730320321e-01
1.091409168627190729e+00
2.025248100041395105e+00
-7.781924341090449282e-01
-7.025670246073338898e-01
-2.940909199415638886e-01
1.511017495114800324e+00
6.828842042815845836e-01
1.520715672254329132e+00
-3.686776765787588284e-01
1.069115279901094590e-01
4.250895779637146599e-01
1.475683638570632006e+00
