5.945684775815229806e-02
1.696205054338001394e-02
5.971438373371405761e-02
3.189087085576626512e-02
7.319634885808290470e-02
4.055274413047246784e-02
3.111868569708943835e-02
1.632065461493848596e-02
3.002675724189025203e-02
2.662211879682966145e-02
7.397787897952529113e-02
2.470645452919159601e-02
2.936921444397557618e-02
6.153335782278078481e-02
3.340432535112253937e-02
5.022116493723505215e-02
5.093415521043398453e-02
2.504870174291821266e-02
4.825612396077678945e-02
2.053438214697448500e-02
6.580112991891828855e-02
4.997251477315350215e-02
5.915814968385912226e-02
4.958342596228817317e-02
5.153489410788215930e-02
4.942734540614917432e-02
4.436595222133779548e-02
7.958762304050626124e-02
4.870821140426024459e-02
1.763337636264065283e-02
4.750621684503253395e-02
6.222537225367817670e-02
2.130545202702194621e-02
3.911786271376803403e-02
7.421884983929083468e-02
2.944885623457895590e-02
5.472759836793472665e-02
2.856581837306619229e-02
3.934709521068364968e-02
5.243022955801569102e-02
4.993807271344439386e-02
2.456245587405672670e-02
5.704808233167747017e-02
1.653596567255675651e-02
5.538546797768732072e-02
4.360202141026725542e-02
3.360699584085091729e-02
6.385429528561849255e-02
5.066029233563566075e-02
6.907092876226522682e-02
6.062167042135335054e-02
3.651934910879431340e-02
5.515331210303999615e-02
3.062686087615253475e-02
2.998077630152706785e-02
4.901428974522672316e-02
3.789325122231028409e-02
3.106694947314453045e-02
1.794278812409336871e-02
5.924328000549775736e-02
5.258053860964541359e-02
3.207015186041065752e-02
3.147310304649335311e-02
1.849179522900086525e-02
1.611629922638304832e-02
1.936967707217848722e-02
2.491515466795986289e-02
6.927857990086853934e-02
7.830074622792984607e-02
1.803191543742494254e-02
3.614416350409680595e-02
3.422833914112822368e-02
2.077643295375570381e-02
2.136642228465941012e-02
2.571118359246395493e-02
1.807440690261979954e-02
4.944049126490146495e-02
6.246621981310508664e-02
3.897984049736759327e-02
3.746039872565955220e-02
7.341830954607050930e-02
5.327530248011715791e-02
1.988159370509749724e-02
7.867386337036436084e-02
7.822228132197688033e-02
1.667511055099526324e-02
4.697874425736048298e-02
3.712862575481160055e-02
4.893928809742805613e-02
4.092642798618209565e-02
7.973796487514091258e-02
6.893357112380088525e-02
6.254512209735828276e-02
7.784453517755304808e-02
5.139192441108150072e-02
5.720871861750927156e-02
7.639677365722219449e-02
3.879208051621053921e-02
2.157822653716995678e-02
7.265626718870926704e-02
2.585231135864413110e-02
3.504708778147187093e-02
5.406448642009670930e-02
2.148542698049319202e-02
2.125379018792727948e-02
3.215426230545881392e-02
3.061297754509235275e-02
4.862876590796468002e-02
4.205543903683888612e-02
6.137715191640316648e-02
7.612394300278749193e-02
5.358118097465606328e-02
4.097594407446572551e-02
1.937128444036446268e-02
6.310673355551139896e-02
6.111560186521498156e-02
2.915016092347711557e-02
2.514843860737524597e-02
5.525542023462456931e-02
3.953256249024682256e-02
2.807518447626172059e-02
5.998051780297283114e-02
7.291966201195029806e-02
1.815382739891211600e-02
6.186929044136521560e-02
5.783675656489781214e-02
5.306222888580999081e-02
3.355173941488424905e-02
6.595481845960834977e-02
6.002417042366529898e-02
7.393050540741913368e-02
4.356951578855268459e-02
5.430727671991025796e-02
6.313492551124834373e-02
2.123767643448861223e-02
5.416947022366198211e-02
2.954865621784586241e-02
3.921973316138296917e-02
5.012399256719086982e-02
6.243293082815353640e-02
2.001323443361101642e-02
3.143664116001103348e-02
6.743744238942250835e-02
1.868189266400365964e-02
7.318715081633025976e-02
7.139098854416356388e-02
7.214658648057702128e-02
3.067643989371674623e-02
3.580294929576874341e-02
5.404881473753234133e-02
6.328503307707886161e-02
5.256976832507031377e-02
3.390487674969465404e-02
6.485033129302451849e-02
4.282000033178869070e-02
7.918944399258207034e-02
2.489284027239507119e-02
7.222473794700634553e-02
2.560310506956980231e-02
4.478648112347446975e-02
5.945497172589863516e-02
5.755038434820505117e-02
7.101216547241770427e-02
2.349954022845610752e-02
3.291543382283505792e-02
5.525558420162456769e-02
2.878059853701851745e-02
5.203729843402831595e-02
4.235647244137792644e-02
7.319511223528761545e-02
7.802499176783922463e-02
7.713946354099504576e-02
4.606466170158186879e-02
3.362180868449270166e-02
3.477650729412982977e-02
1.562533072458540881e-02
3.003770709566676300e-02
2.972743421676226142e-02
4.502937833200171963e-02
3.916541859740377274e-02
7.197909624573017862e-02
7.646155966916552693e-02
3.205306490880754922e-02
3.778269994726933534e-02
1.628449632610128039e-02
1.919667768733923294e-02
4.458907721439429178e-02
6.691671395270283595e-02
4.910970974468903405e-02
5.578659789742251157e-02
6.781550611131603734e-02
6.489368223928844437e-02
2.048517421219667525e-02
3.595686843719456127e-02
6.297318249339228791e-02
2.001655668376501121e-02
1.700753009644456748e-02
2.678941594184720831e-02
7.291198990828290372e-02
7.493793063185957837e-02
