8.797530779082955721e-02
2.630158137669676155e-02
3.970902134803663275e-01
2.042002149243361819e-01
8.231004651181481058e-02
4.626034717337516589e-01
1.477339681016162365e-01
3.000389994712419628e-01
1.672600400347156735e-01
9.585401342772018052e-02
1.326516468413025882e-02
2.427657589513251488e-02
3.495380067409890046e-01
5.840096897321302993e-01
5.355846808757964983e-02
1.677251896097789463e-01
7.093605484238888481e-01
9.269511674235191290e-01
1.812156193442669150e-01
3.701446506105675049e-01
5.196865348763943931e-02
8.879080281833838517e-02
8.515757682317154353e-02
7.659907668969311023e-02
1.047341347579495811e-02
6.297751299338858466e-01
3.305319498019265168e-01
4.691033684828917472e-01
9.009662373652804757e-02
5.028005855044580946e-02
5.846782439494347533e-02
5.018009070737530219e-01
2.211245514838876616e-02
7.083052909033019651e-01
4.786304014894853798e-01
1.470295816570675873e-01
3.628315629353046634e-01
1.850093244658217173e-01
1.031280525776141627e-01
3.844420764136185498e-01
2.279561787448105281e-01
2.506376035540590630e-01
2.287792484519400593e-01
1.977468720459616969e-01
6.597589610048774575e-03
1.770312292031663570e-01
4.535778541574841394e-01
6.395518880579716126e-03
3.982899446087014850e-01
6.239892862163303189e-01
3.301537181607083205e-01
7.318909326708773755e-02
1.184008509209110993e-01
8.705245459706835009e-04
5.674296797215342900e-03
3.603554640442849788e-01
1.918479704344636799e-02
5.113112890834009550e-02
9.341605822333468034e-02
1.291703789742550068e+00
1.148505988396362476e-01
1.087585519071614382e-01
1.060645822520144138e-01
4.197495986413977975e-02
9.822685705097071451e-02
3.213096521631936819e-01
1.704618711843164380e-01
2.788823491474184402e-01
3.549653974219025288e-01
2.775275737613381311e-01
8.125298135262866150e-01
3.162355309917543322e-01
9.461581540731700546e-02
2.294596898464946744e-01
1.649933917329421129e-01
1.327746059539288981e-01
3.503076293865033386e-01
2.452264645517615860e-01
1.256396580488862158e-01
4.355251135422697623e-02
1.417630404015736145e-01
2.342157569519809079e-01
3.115953524969634209e-02
1.266380594398930533e-02
4.464699810477672504e-01
2.388397184202198653e-01
1.819209219598896810e-01
2.988049521714706280e-01
1.247151658088997972e-01
1.677363331100546751e-01
2.914646976377840981e-02
7.849565449454248833e-02
8.582012386952095340e-02
3.537894118181116876e-01
5.965058470273347513e-02
6.727912789427351048e-02
1.830747792310205013e-01
1.630572383214307780e-03
2.808356761687111347e-01
5.443585463317354017e-03
