4.346870867548870837e-02
8.164305901385476849e-02
2.831164973057598289e-01
4.471356159611685095e-03
4.132997148658142939e-01
4.899834364382019830e-02
5.141533205498738379e-01
3.082274836842674795e-02
1.552326696901833170e-01
2.925475188194822662e-01
3.627686568150350621e-01
7.136156032292068074e-02
1.881326268355033859e-02
8.102627295849253175e-02
2.324581683678322297e-01
4.808770914844722952e-03
9.169333764418445554e-02
1.670082778783418820e-01
1.482428756036300310e-01
1.932681394813463016e-01
1.477384152605269729e-01
2.692552126369183174e-01
3.664843991664178957e-01
1.818867355746265346e-01
4.674488856030428741e-01
3.936061826258575869e-02
5.040022569179877232e-01
4.060539368276239736e-01
1.105725498293074205e-01
1.811043947878305527e-01
3.745601468671366785e-01
9.829093885869845393e-02
2.951794430581256568e-01
3.751509691080466280e-01
1.526079489268314729e-02
6.246472822961831456e-02
3.968273921796328964e-03
9.532634991595673180e-02
6.951502683858024056e-01
6.000971343481863451e-01
3.600553970219377842e-01
2.773283335573697994e-02
1.691010663497791167e-01
1.106993191376352270e-01
2.034946460515751621e-01
1.523622711594078138e-01
6.882563541454136957e-02
7.486162699668071942e-03
5.451553721719434864e-02
2.419590300855764889e-02
6.062506740601128485e-02
2.236487351016985814e-01
6.792217439877482610e-01
2.626464687490452921e-01
1.209690120971839977e-01
1.744771132651775081e-01
7.630519894110285306e-02
9.927002613833348088e-02
1.133151499625655312e+00
8.521532262919777334e-02
1.199751464978172505e-01
2.916564127387323846e-01
1.568754798886803359e-01
3.471892518311792131e-01
1.807476947103708598e-01
7.329708444281340940e-02
1.251699629138935087e-02
5.904200772653469403e-02
5.022238051027233530e-01
4.713851486919574119e-01
2.427172095574292240e-02
5.366554929015922987e-02
2.788787949896840423e-01
3.576211133922076457e-01
4.556562406442934976e-03
3.355305061139181588e-01
8.058145213107240079e-02
7.555593403401353325e-02
6.331047499431534387e-02
1.831592979016247180e-01
5.539981780356871555e-02
1.184657210044038483e-01
1.459001433937655301e-01
3.065362228746484896e-01
1.358168909325525586e-01
1.204934270814762842e-01
7.863998294986983273e-02
4.166430718152370344e-02
2.245677714105407952e-01
7.778430433458363713e-02
2.521151704568285190e-01
5.038516527573201342e-01
7.400626427050397207e-03
1.966883477314806117e-01
1.986019228738066522e-01
4.188470566180463872e-01
4.363911155876868397e-01
2.091553684715269645e-01
1.799410686979071028e-01
1.306791196695122059e-01
4.136305785876907837e-02
1.967368082478216651e-01
4.100272841498567855e-01
6.119974531052127867e-03
4.560699533435018903e-03
1.523053328147812580e-01
2.229797980600256024e-01
1.349630704986625740e-01
4.308702660664519291e-02
3.106077442035513614e-01
7.066482270447251024e-02
4.388485442701743899e-01
4.942995992810917394e-01
6.031281898313185091e-02
9.106056774839223211e-02
2.141723742474818115e-01
5.509469719288481726e-02
2.670669542062794471e-02
8.102197560218381556e-01
1.031261690767846682e-03
2.272218354538060262e-03
3.546199923143916050e-02
6.010646434567369356e-01
2.201510541653486364e-01
2.356803250644724235e-01
1.147924761403812804e-01
1.283782722674251531e-01
5.688504874976831049e-02
6.820380053696354673e-03
8.017238797041383036e-02
1.289936152622781940e+00
5.399797937152168992e-02
1.072211597125452380e-03
1.496489810054477954e-01
1.041284235648137629e-01
2.646761882472949412e-01
2.426243558832061331e-01
1.228743162434943886e-01
8.707901777311666952e-03
3.737923947467801100e-01
3.756529035313016518e-01
2.734014274158396152e-01
1.156832608990389089e-01
5.610775954933185927e-01
2.702586007448300465e-01
8.503735783767180090e-02
2.133723127395340813e-01
1.012377746448064886e-01
1.042541523998719716e-01
9.772377590801750724e-02
2.516147869600123682e-02
9.264112037849500658e-02
4.993950562368699164e-01
6.858833714143682501e-03
6.357288061751627251e-02
8.989607024907095290e-02
1.623253721711118980e-01
3.569225201160040190e-02
1.753240085008053173e-01
7.634644486148817188e-02
3.606009328934794422e-01
2.032040215061581001e-01
3.841977494637055512e-02
5.066558564973760309e-02
5.991404565181922617e-03
1.101218839306613087e-02
2.388896835373477412e-02
3.763556029580203965e-01
1.305455545793249295e-01
2.156192701741763834e-02
3.863417402022877034e-02
1.478505584913141213e-01
1.334071879072093181e-01
1.282833099027647084e-01
1.653131728761143282e-01
3.574992603340781394e-01
1.780074702503652365e-02
6.134975616949396304e-01
3.318913609548948540e-02
5.209677373606218242e-03
3.013000043773682024e-01
4.284334643593559408e-03
4.618009860226948704e-01
3.955590057227577616e-01
7.814106715488484955e-02
2.005216956554559116e-01
6.548010487128017032e-02
4.157799939244151699e-01
1.467512861421682580e-01
3.655577853578881320e-02
2.554587400319047741e-01
7.416294669154189882e-03
4.093900239597789703e-01
3.791084210338180327e-02
7.932390970010425035e-02
7.955024464966460596e-02
3.760448771115717514e-01
1.731779144879695004e-02
1.030385025012204615e-02
2.181449354861985657e-01
