4.461134566961301173e-01
-3.233821842632197185e+00
1.032072779265095663e+00
1.472367463561419232e-01
-1.989942609969683085e+00
1.240300068817276946e+00
1.642856838647311468e+00
-7.234075932960110089e-01
-1.025788216971599054e+00
-4.718304440137022771e-01
8.297143227297864021e-01
1.051517360729173456e+00
1.381712552303214325e+00
3.939580678829059934e-01
-4.043593958685103018e-02
9.064634939486331255e-01
-1.018065480304323422e+00
1.270253935344489438e-01
-2.103356450483167883e+00
-1.926754540293255102e+00
-6.287196043610741858e-02
-2.494643289734810587e-01
-1.499187241791200442e+00
8.257254100359662230e-01
-6.192265567185728514e-01
-2.980490855994188393e-01
-2.468976281299219144e-01
-8.743081886062878949e-01
-9.760527454011913573e-01
1.213862276292347261e-02
-7.692644403135565634e-01
-5.601971691083492688e-01
5.601199690526998953e-01
-2.303285287453836983e+00
9.890502255595581826e-02
-1.297625609679311953e+00
-1.028608976564403754e+00
-1.747266223936817520e-01
-6.937256467227578272e-01
6.488032416465056018e-01
-1.198482256951548530e-01
-8.230248343262294153e-01
-5.749112954227052902e-02
1.583691251695910629e-01
9.670877760185760952e-01
-8.026640518937890878e-01
8.055456020256629435e-01
4.142656363217931959e-01
1.371754959525726347e+00
-1.042748068521839988e+00
5.883515759917912202e-01
-5.656333613637829494e-01
-1.198463052768811599e+00
-3.032360029324672746e-01
4.376321945948604686e-01
-1.521068811826584266e+00
-9.327659398933001444e-01
-1.924575644533198238e-02
9.254002605156404215e-02
1.608923073547237070e+00
5.132659769756672263e-01
1.336052692437295519e+00
-7.301517405918564463e-02
1.297631371533488620e+00
-1.363560109398533227e+00
-7.810361388827711249e-01
1.107111320998060755e+00
5.617229286981935410e-02
-6.971214254444126068e-02
-1.266896048001243669e+00
-5.395807479509240334e-01
2.728108096677008820e-01
1.840993154580111035e+00
9.176265942691671507e-01
-7.619920110397925272e-01
-8.787621183500390898e-02
1.551805525760873605e+00
1.443632854837362256e-01
-1.298593011972262179e+00
-3.520126177823092867e-02
4.807265236913908502e-01
-1.916453444650066951e+00
2.526981006476531899e-01
5.462788069279755909e-01
4.992922320682667836e-01
-6.226695907263984919e-01
-1.014586120746794107e+00
6.823187600612913295e-01
2.871789029742032873e-01
-5.296555746578376356e-01
-1.152450332689496960e-02
-9.434114824898870433e-01
2.435729451427035008e-02
2.233127024552650497e-01
7.220574144869476019e-01
-6.080917727449655086e-01
1.348839625481180082e+00
-2.007397533734452288e+00
5.031094924147255787e-01
-2.702077921841090635e-01
-1.099042127125011481e+00
-1.287640334753101246e-01
-1.731059790352597716e+00
7.557027237247865292e-01
2.856472332093787370e-01
1.439438535299510970e-02
2.793668125774549371e-01
2.213928476242665588e-01
-1.459125338221654855e-01
-7.810232928815444842e-01
4.678308129606660593e-02
4.145116980719298350e-01
-8.435469856995222449e-01
1.502670698607512012e+00
1.017733671931328354e+00
-6.453423560392016478e-01
1.059403075729363986e+00
1.256544783498305229e+00
-1.421517332414430790e+00
2.531490944204918200e-02
-2.410320930573215392e-01
-5.021748575189636243e-01
4.741509839212693089e-01
1.444929966558803125e+00
-1.893664528553153925e+00
7.925367134573728656e-01
-6.030987981434953182e-01
8.926892741958603050e-01
-7.401348909975963286e-01
5.023752219420623000e-01
-5.645474495327535980e-01
1.013375276652294321e+00
-4.707754041533183109e-01
-7.653246892409424351e-01
1.741271876225917614e+00
-1.262388947679374152e+00
7.548522213164939876e-01
2.302894984616103147e-01
7.276443169627538898e-01
1.251918216178145582e-01
7.691225764857806402e-02
-6.805726922647661326e-01
1.344956416897009399e+00
9.300021659067410074e-01
-1.439809061506387711e-01
-2.733446374219485331e-01
6.668731549455316765e-01
3.341029443166427804e-01
-7.231993483216629937e-01
-2.816533963955917264e-01
-1.970939191395214840e-01
5.202336410281319656e-01
1.079629708960925666e-01
5.170582119956530498e-01
-1.562941958709103130e+00
-9.331796012992003009e-01
6.369852841798946674e-02
2.894667690114844857e-02
-1.895134925704964612e-01
-8.524111057189607266e-01
6.309035546770676017e-01
8.736069265786979843e-01
7.420031763909216149e-01
2.436673459325875146e-01
-1.867920931239639565e-02
4.181569189442420620e-01
1.338797856188984614e-01
-1.696787499485623130e+00
-1.547026642747817649e+00
-7.683113860731257683e-01
1.460822689285744325e+00
-1.149485851031165629e+00
3.755487700368826953e-01
2.154898685611259801e-01
-1.437560952559253868e+00
-5.190812717877335558e-01
-4.179528012395994918e-01
-9.853148811461570622e-01
-5.983216498487070600e-01
-5.246317558705295703e-01
-2.609574389504251690e-01
-5.177497915763644709e-01
1.575530689511022819e+00
-9.574363377110971518e-01
1.154290892119084061e-01
6.575284862141880238e-01
3.816835442247073495e-01
-8.216249031046213291e-01
1.383573622335593889e+00
-2.179266927272610066e-01
-2.882593841267179768e-01
-1.462680511861863986e+00
-6.317500455166266127e-01
-1.260866681215256913e-01
1.007032840334832091e+00
-3.881692012897469679e-02
2.347773257868930319e-01
-3.764874771965534550e-01
-3.306867737267051854e-01
1.684873680507869842e-01
