5.553532256116812116e-01
-1.910563627621316929e+00
9.880047278765198282e-01
-5.208549198858807294e-01
4.462720547682050287e-01
1.169989565738724036e+00
-5.339127835656507504e-01
9.958157282603209426e-01
8.130606625151661770e-01
2.274267204685046784e-01
-3.979972685620467021e-01
-1.265050927703450734e+00
1.930699676238035734e+00
-2.809928555818735907e-01
1.136958454539027441e+00
1.244333752346578725e+00
1.342655668864226604e-01
-1.112689251153205605e+00
2.013199980638187003e-01
-2.828779877432880951e-01
-7.448949184528664835e-01
1.931815523443927152e+00
-3.534122393636100479e-01
1.546949815251426275e+00
2.296404742397183174e+00
-5.629437781577488753e-01
-1.356369030005109888e+00
6.814463146301570629e-02
1.374667383161212175e+00
4.017695856157319501e-01
1.164532877167886893e+00
-9.875031899536148572e-01
-4.379869499103897779e-01
2.072174151614480098e-01
3.135537264585745998e-01
4.397543706214713244e-01
8.964702465376125362e-01
4.584960487333685220e-01
1.254612979128500339e+00
-3.790201257726458217e-01
-1.238705397686167414e-01
1.372909226865190457e-01
3.578310378983837192e-01
1.553082226990142589e-01
-7.046293762812481098e-01
5.730948720329520629e-01
2.167117726884542628e-01
-1.852720443257015237e+00
8.567735809616015830e-02
-1.529456091529240558e+00
5.498992328936510576e-01
-3.935094953689049491e-01
-2.353192137523086105e-02
1.396791486193661225e+00
8.137860516858010929e-01
-9.168638146705867520e-01
-2.443652055165623227e-01
-1.014774420809225752e+00
1.300320098964511673e-01
-1.984666032546027192e-01
5.944746867171958327e-01
3.711834561896649176e-01
5.796939691516403981e-01
-2.771213284124667275e-01
1.096603244273490763e+00
6.095760995156509487e-01
-5.828127693712318314e-01
1.394680146707632407e+00
-1.306410334451376221e+00
-1.261026484762241440e+00
-8.217516811726621739e-01
2.075181505899791334e-01
2.152555453567564836e+00
2.708785425713761130e-02
-2.100287502657491867e+00
3.183447052990904247e+00
1.069450428370903428e+00
-4.635792489519392490e-01
-8.223593297897189291e-01
4.112132004495540616e-01
-2.700319737704850453e-01
8.865212013852601380e-01
-2.102153140210441806e-01
3.227806755864974508e-02
-2.177330773663244567e+00
-8.631307456379451182e-01
1.721738355022761846e+00
4.221745096824578436e-01
4.011193498939252255e-01
-8.652358245525516856e-02
4.304823896101258041e-01
2.402697927125811095e+00
2.933316576474856441e-01
-3.026335956959407825e-01
2.355381193590221911e-01
-9.728425281505423960e-01
-4.785133589349508526e-02
3.593838275976449226e-01
3.588831901107952804e-01
-5.988724754635023073e-01
-8.029766731934494250e-02
1.184952554029008676e+00
6.264818147698525408e-01
1.932239709705134256e+00
-6.299805150042868673e-01
2.530868116229725295e-01
-1.581010169429853063e+00
-8.070192968027598557e-01
2.392721250134242084e+00
-4.061751201599467787e-01
-9.232913920282637132e-01
1.758224497175955303e-01
-2.843874398653052915e-01
4.251736818313975319e-01
-6.352439324932274145e-01
4.960443337701017641e-02
1.303451396107190297e+00
-4.779888287983063422e-01
6.806638304311724008e-01
1.891057839574677990e+00
-1.463941631848952429e+00
-5.097488852535269066e-01
9.501253357670539357e-01
-1.341481838963453077e-01
-1.360220503184539131e+00
7.021730171052811831e-02
9.480851853890201811e-03
-1.491527455079776632e-01
8.279246473115524640e-01
1.263398315959866514e+00
1.093846209056853036e+00
-2.244587041419985815e-02
-1.365197162669196107e+00
6.097927245206161140e-02
-5.701340477182667565e-02
6.169572109596493936e-01
5.785227341729538564e-01
-1.822275719595334853e-01
2.265970307565645658e-02
-9.049651688641486835e-01
9.479705399308053781e-01
6.172811331134521184e-01
-1.341046533800554164e+00
5.918758104555963406e-01
-8.339500791890249731e-01
-8.881592231575096141e-01
-4.772721014488662816e-01
-8.589454227282565801e-01
5.624320693197668586e-01
2.898098044417397601e-01
7.909244049782676589e-01
-5.195688850078324789e-02
8.179718220264505790e-01
8.886125152923567139e-02
1.739322823838541643e-01
1.292290947833386827e+00
1.254538604948469471e+00
1.060872373617759434e+00
2.095092495151202439e+00
4.179365442775567208e-01
1.127478637902257885e+00
2.820909730118960623e-01
7.037853672831707597e-01
1.315998252379968203e-01
9.745848185578184428e-03
4.168326809583064452e-01
6.025595562554881823e-01
1.547134113508275288e-01
-9.516782858425621994e-01
5.836234981281832601e-01
5.778025133500145349e-01
-4.052948990967670806e-01
1.556389152512184459e+00
-1.998333892761428587e-01
4.053375591448407644e-01
2.031191701471712463e+00
4.438850042000882512e-01
5.606687887764114642e-01
-1.057923008186925307e+00
5.613962418137882215e-01
3.167201785467053110e-01
8.751289910525761329e-02
-4.366735451532142293e-02
7.393045995854636843e-01
-5.346657148888915856e-01
-8.284702383441208684e-02
-9.108287921312564484e-01
1.197934836590818009e+00
1.047952691217383658e-01
-3.891716962936749846e-01
-2.538787985158093008e-01
8.935267819568538661e-01
-4.535383055586301726e-01
-9.378356296951252391e-01
-4.170004415529769415e-01
-9.110558273765871906e-01
1.844526846439894285e+00
9.164239825720239541e-01
-9.613402289600674333e-01
-8.607654849281403120e-01
