-4.014776013348885786e-01
-2.160877293784103370e-01
3.080448121701534134e-02
-2.631780418250881382e-01
-8.527622300179683590e-01
-4.582072480037333584e-01
-1.922247138033451042e-01
-1.327346046304382243e+00
8.672906339797250563e-01
1.512650727677975704e+00
2.245953560251540415e-01
-9.118935595958904683e-01
2.245418085636739836e+00
-6.942552270373117951e-01
5.095788510040579755e-01
-1.603703001335263334e+00
-2.142494820757207208e+00
2.780068179998571032e-01
-5.433178449462164883e-01
-3.024580977104543322e+00
1.408879666375596196e-01
-6.300353647622590758e-01
8.943187119399707008e-01
-3.548042481832786033e-02
4.979012967184093252e-01
5.483755762999088512e-01
-8.477057878082253084e-02
6.768846292525487751e-01
2.383255385858365216e-01
6.183889596820204559e-01
-1.657130194712490290e-02
3.429587154729905052e-01
6.002928865375385392e-01
-5.613906870388870596e-01
4.557469592830176164e-01
-7.850080381683549602e-01
8.188116843486182850e-01
-3.866583788879323080e-01
1.202200883098807627e-01
9.170138772942942884e-01
-6.706452188933047509e-01
2.112425623942713326e-01
-2.420979361682524367e+00
-1.371971611810047786e+00
8.679020503349524907e-01
-1.523750319631950623e+00
-3.886199569585411795e-01
5.161894088124397983e-01
-9.621988729926387318e-01
-4.662950330638692131e-01
3.379028102457045102e-01
1.355711902987625672e+00
-8.636256481635616600e-02
9.141150630970071855e-01
1.528507530202089827e-02
-1.536670336403740622e+00
-1.770312796840270764e+00
1.177087557917827265e+00
-6.326560496633821043e-03
1.393967331894999218e+00
-2.600341876971727986e-02
-1.167687069122735899e+00
-1.577107205947962942e+00
-1.056129422211182112e+00
-5.004243590956534149e-01
6.390802841738604245e-01
-2.490730370441665009e-01
5.512705340176932145e-01
1.969092798165736680e+00
-1.623073062992710591e+00
-1.264022795301669722e-01
5.145671583013237127e-01
-3.921520339277353995e-01
-7.190945353675572971e-01
1.421052339658327002e+00
-2.384490173966472837e-01
-3.704371087730908840e-01
-1.067732975768557191e+00
2.040592031124315031e-01
-5.654938018697016483e-02
1.556042525594793169e+00
-2.947844212435734579e-01
5.434978560047741825e-01
2.712812079585971592e+00
-1.027975447265127296e-01
-4.409519021421854923e-01
-4.205632849632787162e-02
-2.554823013817073551e+00
1.174324945778325580e+00
4.520686558450843773e-01
-6.515965748167514837e-01
2.252975112731542939e+00
-1.036466009391635357e+00
2.526402520559142481e-02
1.028196056917345835e+00
-4.824198871811718470e-01
9.683814020947613399e-02
-4.543773015762688217e-01
-3.342689004454968416e-01
1.460348166202714681e+00
-3.232529867740962515e-01
-1.444921187845443766e-01
1.038529170172598048e+00
-5.563499206716969736e-01
4.606984775251257713e-01
-1.667164860932637493e+00
-1.963474278268377005e-01
2.022128620049869485e-01
2.735881407045491764e-01
-1.514239748945699349e+00
-6.251127031144841917e-01
-2.982699861795902740e-01
-2.254781941268553802e-01
-8.486649009053355563e-02
2.197413936629246528e-02
-8.191917148016685246e-01
-8.938589098830874713e-01
1.675773916636762895e+00
-8.796784708592476631e-01
-4.596450253320241153e-01
-2.162992217540211926e-01
-2.954558435681699513e-01
-7.759765227825521361e-01
5.532083178202058527e-01
1.469542075200576392e-01
-6.654348983392979200e-01
1.733012913678825484e+00
6.221527457457654009e-01
1.345812344680182626e+00
-9.681757083848972767e-02
5.270856069903793184e-01
-8.507942917095626667e-01
8.224810228827786895e-01
7.844730900713156041e-01
-8.856632723705272214e-01
1.176853524674981388e+00
-6.340121822652273753e-01
5.181719018042356684e-01
1.122466932890897884e-01
2.603944623745669817e-01
-1.244593540099047990e+00
1.310974077819823780e+00
-1.276120212176587554e+00
9.618622063258672750e-01
5.885335689344115551e-01
7.408047505030734836e-01
-1.336256784683908183e+00
-4.295597887665092429e-03
4.777179532217158409e-01
1.063494879990212638e+00
-8.706890766323752695e-01
-4.063285529585167755e-01
-8.311519195850813890e-01
-1.341789244530651626e+00
-1.353117091119233173e+00
-4.212524714355326827e-01
1.549098941425133269e-01
-1.048295493556782976e+00
1.527500254972658400e+00
3.419176258432015114e-01
5.894528218444871071e-01
3.412652695430460348e-01
1.271911632361001354e-01
-1.728250281981098813e-01
1.971040924383547221e-01
1.353718363323759277e+00
2.116738423422170612e-01
7.435014457453745229e-02
-1.120106765928266412e+00
-6.076311057142513850e-01
-4.292423445225033718e-01
2.245404310797287639e+00
-7.710824950967540836e-01
-1.943500741567462109e+00
-7.727484759596514596e-01
5.523889666605060755e-01
-1.273861666141876681e+00
2.810780876866897371e-01
-1.488022946560988213e+00
3.017067244723640185e-01
3.923577430965111690e-01
7.445720977742537050e-01
-1.753241461882354857e+00
2.165204080751691240e+00
-7.800469085795626312e-02
4.723580355364558336e-01
7.545850933515840797e-01
-1.920406379668060604e+00
-1.170670357671540485e+00
4.971933338137344283e-01
-1.095742988559326031e-01
-7.891336836580452596e-01
2.298687895804597259e-01
2.509986719333983096e-01
1.920943099377867780e+00
3.557357579437346873e-01
-4.102601518573662648e-02
1.175980115729160280e+00
-6.703306861577598696e-02
-1.590988661639618940e+00
