4.519229316157569176e-01
-1.485842715360617738e+00
2.134913157149605389e+00
5.188748868613105580e-01
-1.020416318676386824e+00
-2.320611569851100064e+00
-1.857225359803220233e+00
1.881620027841765630e+00
-6.610795632399515398e-01
-8.242836874342293063e-01
-4.714409328250383502e-01
4.060474655027356272e-01
1.879444055354016208e-01
1.144354305560205676e+00
-1.069465121668903285e+00
1.143390372916500031e+00
5.912684465251407673e-01
-1.128909999476014114e+00
1.063324193496816505e+00
-1.203197241967804532e+00
6.966366316392135216e-01
-5.386112064711764402e-01
1.134893730449420546e-01
1.309492772768021673e+00
2.872864800392360696e-01
3.769636546086734263e-01
2.673290020745047735e-01
2.684190142810364943e+00
-1.798018591365950769e+00
-3.216549245299265003e-01
9.369496727062158470e-02
1.037433974293474837e+00
9.516851748179857573e-01
-4.012878497335164996e-01
7.723903635176727622e-01
1.425196218741049181e+00
-5.622308516770307962e-01
7.727466581133548562e-01
-2.731440417352703001e-02
5.733286735885884111e-01
4.427386851772199816e-01
-6.498964932061034316e-01
-1.070590715747676835e+00
4.930622574156187654e-02
-1.704275705961938892e+00
6.740632688134929884e-01
2.158813386804828482e+00
-7.989243769474075885e-01
6.655204262106496904e-02
-3.031087028110111548e-01
1.894689574216951389e+00
-6.457567355263957865e-01
-5.922913275962673474e-01
9.731940107449398303e-01
1.001193928111153042e+00
4.748622845625328770e-01
-1.314033927950181813e+00
2.933414058007230429e-01
-1.957682590152951541e+00
-4.094348715123993232e-01
-1.149283595684410741e+00
-1.651581253767131774e-01
-7.216369665139802381e-01
-1.619342967213529327e+00
8.337918028233129997e-01
-1.292713447939910498e-01
3.069078650249531526e-01
-1.183219486218099359e+00
6.826863207839081182e-01
1.102632365166566597e+00
-6.899109660653389431e-02
2.149704655848086343e+00
-8.642051846348411948e-01
9.531687647715021416e-01
-2.026627245027905033e+00
-3.683703163478670439e-01
-8.078828449722805782e-01
2.816823594940897069e-01
1.307782630747101882e+00
-8.976745883918062496e-01
-4.125894829828748861e-02
1.568880451547452481e-01
6.323076068269967154e-01
-8.083004079299087596e-01
-1.123978766593826117e+00
-6.763319106752306055e-03
-4.166449760495729016e-01
1.014927949418777064e+00
4.959223310526115203e-01
6.545928181425123560e-01
5.782207016132465682e-01
1.649704631096350127e+00
-1.683229311483243729e+00
1.328175956262279911e+00
-1.269742669818523684e+00
1.002766168988738826e+00
8.547614741868483357e-01
1.532442213539626730e+00
-6.191077659625768836e-01
1.262488069971040350e+00
-1.884041507244222369e-01
-8.948098503936563475e-02
-1.683391595743555458e+00
-1.023802688634200209e+00
3.386569171587527904e-01
-6.466980193288093259e-01
-1.366494612553347698e+00
-3.997227734953273659e-01
7.979560318876243175e-01
2.879724850831419936e-01
1.253724305237352218e-02
-5.540720231962455999e-01
-3.617687766871082178e-01
-2.134209552110837571e-01
5.847505076910669564e-01
-1.577940692799993272e+00
5.289611771421617314e-01
1.626591598468110522e+00
-4.743580959526015606e-02
1.223919940036271470e+00
3.817177170132534103e-01
-9.723086847638463814e-02
4.240967470271501116e-01
-5.433903543226360489e-01
1.389728482480106830e+00
-1.437165299979822786e+00
-1.187465403570980849e+00
3.610202489372376089e-01
1.807245409975088535e+00
1.693212172560909279e+00
2.364342029437924431e-01
1.139363636526362217e-01
3.620670809364444631e-01
2.807588159905731184e-01
-8.071054376347212844e-02
-1.001787477468892851e+00
3.470911924716849756e-02
5.963494691389109592e-01
-1.235975644574952348e+00
-8.826951185930966837e-01
-1.577031141783872048e+00
6.612374928450299727e-01
-3.666546945949388236e-01
6.356512682080905918e-01
4.208322769598298874e-01
9.706728824225323293e-02
7.640442436361830625e-01
9.423164718742359502e-01
6.079579547800147976e-01
-5.287032178386024128e-01
-9.186292124825301553e-01
1.104169346925709227e+00
1.545457822007793691e+00
4.120089412217493585e-01
1.225068805707948405e+00
-1.114113855513351181e+00
8.966915714505128143e-01
-1.854244875730351794e+00
4.806960561845018132e-02
1.642206619265178802e-01
1.357410878165261625e+00
2.083986928107537384e-01
-5.944878730047390425e-01
4.608445432708804246e-01
-2.893764803079144632e-01
1.202452137289556688e+00
3.123710901218973435e-02
3.360075743106997193e-01
1.081371524287910502e+00
1.144471664882507955e+00
-2.202707888591716734e-01
-2.355874182336539779e-01
2.409054094332666041e-01
-4.987099619608474366e-01
1.041434366016126267e+00
-6.771405387387929853e-02
-5.022290736512566856e-01
-2.077099197134657960e+00
-7.512142358268771858e-01
7.297213184514524942e-01
8.599261495937113864e-01
1.076527651811682584e-01
1.524625343491555540e+00
7.444953706426771234e-01
-7.966161133032958475e-01
-3.293776060880310164e-02
1.004599272414956335e-01
6.413687559430176766e-01
7.541130174185024793e-02
-8.964846515010216343e-01
-1.228687714160489719e+00
-1.584227036084997708e+00
7.208491656280096027e-01
-9.196910937095129079e-02
-5.688063652812694881e-01
1.104757964336483544e+00
8.312213442971838617e-01
7.334939230482885320e-01
-4.627405047979823438e-01
8.456579316966289506e-01
