2.254231672597167835e-02
7.624449877785757779e-02
2.047287957057607535e-02
6.990750678650638206e-02
5.042741293026813815e-02
5.769259825595187546e-02
5.291547861736576458e-02
1.672329274326236209e-02
7.005104562503156052e-02
6.323013144971922905e-02
3.745615003970920176e-02
7.361370387811426441e-02
1.832315754191324308e-02
1.646476040987756434e-02
4.652409093137222645e-02
5.823250852202789540e-02
7.153196358243110731e-02
4.666854289949529805e-02
3.513747087662222324e-02
5.069676224190000635e-02
2.799985882837571424e-02
6.661324044169791847e-02
2.874879840787464974e-02
5.320286404866911983e-02
3.308550990197654806e-02
7.940690651528542476e-02
5.783533471543426951e-02
4.111189929015433842e-02
7.811319945112471519e-02
7.186220030234927170e-02
7.692201349984480185e-02
6.662933166355750059e-02
3.900662783125134758e-02
1.764626563342018908e-02
5.150734275655768912e-02
3.169085780320858581e-02
3.838759093934360211e-02
5.133173035496636089e-02
4.700867924840030493e-02
2.161841459378470789e-02
7.609636031597419303e-02
4.944680478131000673e-02
4.017443618514920239e-02
1.793514251848138050e-02
6.767091338339409345e-02
3.682555975261189718e-02
5.838025164222667568e-02
5.778883767907536800e-02
4.300728508158319086e-02
3.998847226684711792e-02
2.548243403095062920e-02
2.608158082140120751e-02
3.780260129366648514e-02
7.663069392499007038e-02
2.488087161266765157e-02
4.304931395803383160e-02
7.119760744484293635e-02
4.984430875488805868e-02
4.406495371744937467e-02
4.806181844347381937e-02
2.022688516368918721e-02
4.033728703836583773e-02
7.103474378123222910e-02
7.718477339229179446e-02
5.933915315648802258e-02
2.664413889124669574e-02
2.221324174818419331e-02
7.771886858388089847e-02
5.068713352900461322e-02
6.310562436724430346e-02
5.224551892229165745e-02
7.923548202799175766e-02
2.210225390288026934e-02
6.894029792944157686e-02
4.746468770477325905e-02
7.647354480207721461e-02
6.916856658812196856e-02
1.758041719144384785e-02
5.076081139854082130e-02
6.689743873627768123e-02
5.159288630380429869e-02
7.242578822886282242e-02
3.617293932080253849e-02
6.731183717471772576e-02
4.244722333626611832e-02
3.797988560018997206e-02
6.122377856261486395e-02
5.772041048587778916e-02
7.139086341583433803e-02
4.935562503626882147e-02
2.658660828207623852e-02
7.842172292763525954e-02
4.142354616266306910e-02
2.957602869782344907e-02
4.493778330446575320e-02
2.255457538818857882e-02
3.494881742072768194e-02
4.404661767328667266e-02
4.022878703040760201e-02
6.570433680096496309e-02
4.175705787847788786e-02
5.897297845801485749e-02
7.210281909266522127e-02
2.243142485775204142e-02
3.398815400173062218e-02
4.881420083442229718e-02
6.062897454932648922e-02
3.138608167479590288e-02
3.412147508360331705e-02
3.589254168935748779e-02
3.909548599715115258e-02
5.554525326951883363e-02
4.272517818295885894e-02
7.309826466507861331e-02
5.748653169856721840e-02
6.887435854422560566e-02
3.076527532856524264e-02
2.800634368297451673e-02
5.746800912064663203e-02
1.751610724082790574e-02
1.695819059633294629e-02
5.776246731595534312e-02
2.172242614915686348e-02
5.134425444110598397e-02
6.674693717626192790e-02
5.132483130503543572e-02
6.440559709579728176e-02
6.550108223011882891e-02
1.527223942456734131e-02
4.186743295150367750e-02
2.448712700175176976e-02
5.169284548186209999e-02
7.444318657299009434e-02
3.585649376153879353e-02
1.962635453701118415e-02
7.443185773743690725e-02
2.270452952931969332e-02
4.354821720424272014e-02
5.941193147810240605e-02
3.005328369770478986e-02
4.038676923234823385e-02
3.212135893632064171e-02
5.867083300422732545e-02
6.427813691530812057e-02
3.382878389580272482e-02
7.647244805150771318e-02
3.230077527437436036e-02
2.255374302541005710e-02
7.255258762717725629e-02
7.654225520048330011e-02
4.303012524311240761e-02
2.732116532673663570e-02
4.611629927255744832e-02
4.080021444192912655e-02
4.018785833287884940e-02
4.412855168480972479e-02
4.259279858626728588e-02
4.875187053069911236e-02
2.972015782450930510e-02
3.916957372099685863e-02
6.730078461161498327e-02
3.791140576234620918e-02
7.954896742761644046e-02
7.546762882236232595e-02
5.369836833250544311e-02
2.525921998206573718e-02
2.627144477226093025e-02
1.574388711028213567e-02
2.178558904362842830e-02
6.954627570061611141e-02
7.768497482866684734e-02
3.359720288621883405e-02
6.251270526267943550e-02
5.588168792750779906e-02
5.824407836939078653e-02
5.201957465986264961e-02
2.272793939509116026e-02
1.632504820638585458e-02
4.837252924307986618e-02
4.770638614689833717e-02
7.750641608946727545e-02
4.341555692223705853e-02
6.797625923586100849e-02
4.780489913414179282e-02
3.373778871431161452e-02
5.843482501302094123e-02
5.555525647299416198e-02
3.951696577023555007e-02
1.664130566928037624e-02
4.664588450370180106e-02
3.567712504860402756e-02
7.398093318158899256e-02
1.603514551600382712e-02
6.391602702009697989e-02
3.057925808815182417e-02
1.684497508220205927e-02
7.920649694331204083e-02
6.583854938966526849e-02
1.641188974712727566e-02
4.241775948387742357e-02
