1.796724819434199372e+00
1.859033667422984815e+00
-1.048722441241568104e+00
-1.245231024282331234e+00
-2.969403654446707286e-01
3.794394894578506650e-01
-5.697383122508012931e-01
3.246020782517415881e-01
3.886111788412284496e-02
-4.493962981384674316e-01
-8.966040324475063050e-01
-3.787404698888602317e-02
2.520562970443457895e-01
9.827478896503543115e-01
7.589116422047191834e-01
-1.165222913917021375e+00
6.204244186863722144e-01
4.907276638873307451e-01
-7.326522082868792973e-02
-7.111657974325544807e-01
-1.042410150526858370e+00
-1.425573828422564526e+00
3.930963833297789201e-01
9.257501748564859190e-01
-7.738409486211216270e-01
7.059742952786155490e-01
1.102629289025074177e+00
6.374385216551475830e-01
-7.043330041161420807e-01
-2.169883204314895092e-02
1.242202703368710193e+00
-4.625922265884613305e-01
7.717779851333194108e-01
7.201719584928278906e-01
6.496860863163168576e-01
-7.090594938227330335e-01
-3.439026417739829977e-01
-1.459256806964480013e+00
1.247683556940706318e+00
-9.916236429405461683e-01
1.752757991419257477e+00
-2.569576595728450541e-01
2.639169134033196931e-02
-5.091284473721785497e-01
7.802969597021097714e-02
-8.210255563776697185e-01
-2.885876002968256193e-01
1.709085190953932298e-01
2.413099040438181908e-01
-8.921717771685746534e-01
8.554621953556843517e-01
-2.325408002339235392e-01
-1.612125396286842594e-01
1.782064197257679172e+00
5.814414657546005394e-01
1.987988302639592808e-01
-8.250858733539759848e-01
-3.230564176345588345e-01
-9.852762411486005734e-01
-6.528014190047930487e-01
1.320265822005072497e-02
-5.092923304668486306e-01
-7.177531060822081033e-01
2.181510869283611875e-01
9.879284419941380957e-02
6.335320404158021335e-01
-1.602877944783490438e+00
3.419884806641413366e-01
-2.624792340051089190e-01
1.433537271265377111e+00
-1.244974972575031702e-01
-2.004745137819074693e-02
-1.469222457329801279e-01
-1.239917675089895699e+00
1.328413529127081327e+00
3.677815255342949396e-01
3.738321358392344695e-01
1.411781717266517577e-01
1.628503720007198119e+00
-7.118330519267822565e-01
6.681791536307881696e-01
5.325463773478609220e-01
-1.084749698667811790e+00
-1.390121696525362882e+00
4.809996969070681749e-01
-1.118629457385202253e+00
-1.093051638495665223e+00
8.788663447059639200e-01
-3.052733200721226281e-02
1.166475649414670857e+00
-1.683437266458295500e+00
1.126171795421946120e+00
1.470655822771033794e+00
-1.329807002786866921e+00
-8.709048821501970128e-01
-4.801253879406269243e-01
1.164201959960382317e-02
2.362047234445369959e-01
-1.503643458755772544e+00
5.051756937709774020e-02
-5.475900492670111586e-01
-7.770180212436120781e-01
8.261226643104241374e-01
-1.484466137340567649e-01
1.186886345647701457e+00
-1.071348251017983033e+00
9.909696482681183693e-02
-8.830331686346091224e-01
6.567876619468127064e-01
6.027643695583435601e-01
1.052529713107120068e+00
3.787401481575201623e-01
1.120772312209142640e+00
1.211674752374593877e+00
-9.694790474774936939e-01
-2.808607935501953867e-01
1.595338704608369795e+00
2.071704112644686457e+00
-2.819290764526199977e-01
-1.222457543402610369e+00
-1.346871120597756821e+00
2.056476254396321160e-02
-4.438195914689655464e-01
1.181794574407493692e-02
4.639825354037488969e-01
7.264927056890097684e-03
-2.881896954927159471e-01
2.071263018673803025e+00
-9.638109307232946010e-01
4.193069202920922667e-01
-6.501092276740915166e-01
4.771139598612343380e-01
2.756814715783096337e-01
1.219343477625363728e-02
-6.505788940621300975e-01
1.035454593294363290e+00
-1.580443574327846434e+00
-1.848035904893599479e+00
3.142217239952492247e-01
-2.547065984212646406e+00
1.605336133480841365e+00
2.203493504711813433e-01
1.145345251355358140e+00
4.760947687695084585e-01
-1.081147951069237889e+00
-3.285584547806748024e-01
-4.708556144182275416e-01
-2.125942932240311833e+00
-2.490547248359251398e-01
9.918766220903804109e-01
4.216453791550725527e-01
4.235877260617276208e-01
1.317462931703497209e-01
-3.796262201566979466e-01
1.181275775783343418e+00
-1.074693058631504439e+00
6.266156675086269612e-01
5.702245325355068672e-01
4.112356117912218667e-01
1.875153041105696694e+00
-1.234019999701368775e+00
-8.197928144914401472e-01
-8.390859837815524136e-01
7.172490302491921765e-01
-1.419853228167917036e+00
-4.335443211764326010e-01
-6.694946966630177521e-01
7.060276075399261053e-01
-1.475733213398032095e+00
7.627118607844965426e-02
9.349002788958536009e-03
1.655945814970004593e+00
-7.036782302417243784e-01
1.067391829562071015e+00
-2.030458605101235214e+00
1.315633431070269699e-01
3.586432154818051110e-01
-2.760594900765641138e-02
-2.189781239369625598e-01
1.065305498411558416e+00
-3.132909034889978517e-01
1.766604545760431799e+00
-1.449984770306726123e+00
2.345213685901664791e-01
-1.978514048288403382e-01
1.533946835496587668e-01
5.781395389184325051e-01
1.570321191243978509e-02
-3.591558187051987483e-01
-1.294545786414573074e+00
6.572649447211958984e-02
-4.326737679125955971e-01
-4.593598003502065708e-01
-6.517273978220708974e-01
-1.068888333691374454e-01
1.127195360174932048e+00
-2.267819281550528476e+00
-7.541744892091647445e-01
6.915111883511315671e-02
-8.839156746709121437e-01
