5.915549739819771224e-02
4.891436515364372406e-02
7.040717407577296028e-02
6.161367377500562986e-02
7.507143914931073414e-02
1.780404211030215539e-02
2.563890491893153212e-02
5.638372756128091912e-02
7.422169353885875454e-02
5.991935719766542517e-02
4.778562496261676285e-02
6.370799615540334582e-02
6.267487621272868625e-02
1.992541474188102082e-02
5.335308993131237382e-02
3.326537328652029446e-02
6.039236124921530668e-02
4.368370835416586495e-02
4.831330778363095851e-02
6.540690784309463601e-02
3.482068777254474640e-02
2.455559356940148832e-02
3.141265032006278213e-02
6.275493449341323915e-02
7.355673036672355503e-02
4.243964573124545114e-02
5.292275024036139502e-02
5.940012077551317521e-02
2.259218235302139222e-02
2.284285139604842058e-02
5.564414538603802002e-02
7.608958254972041091e-02
6.864608995792637058e-02
3.517808043756431857e-02
2.760141952787103364e-02
1.632007777627007480e-02
2.636692802470933308e-02
7.679887535217153061e-02
7.299407033784342802e-02
1.674348444608793687e-02
3.419220809244929299e-02
4.462450724266832369e-02
4.623362816207420012e-02
7.740690999162518071e-02
5.294852037539995310e-02
6.537967631890964637e-02
5.257242630210567230e-02
6.213286459336023193e-02
4.911772090124246620e-02
7.451430360794095153e-02
7.375450032115485333e-02
3.271079897212706561e-02
3.548110267694425113e-02
6.084762458609272590e-02
3.509245684580561409e-02
1.875030336710137302e-02
6.081967633927816419e-02
5.548435519285004752e-02
4.881793959445037551e-02
2.632405173275384480e-02
3.158287335467441920e-02
2.976218551412247032e-02
2.231046926278521664e-02
3.517970786148462425e-02
5.558303528583898728e-02
3.737084382598436505e-02
4.072649522639733288e-02
2.189393627489356897e-02
1.668872988505154878e-02
5.164586193349376270e-02
7.298860713236254849e-02
2.508561089852533524e-02
7.051726984385023322e-02
7.734288100449634995e-02
6.845830277539444175e-02
3.465029608052162813e-02
6.401528459874102073e-02
5.252219695242345276e-02
4.002431939667776273e-02
6.289903608150299030e-02
5.338565872247202221e-02
1.647469570053721952e-02
6.162710077502967648e-02
6.171670666090085799e-02
7.415101283515890263e-02
5.518275779278242893e-02
2.890707793705025314e-02
4.342842216368555247e-02
2.659832853585489959e-02
5.803256850553939472e-02
2.733081924594095435e-02
5.403845846809043896e-02
6.812012095380011456e-02
4.759441814387021380e-02
7.140967273824538886e-02
4.795283631968199484e-02
5.502155016079762068e-02
3.443099529784034163e-02
4.514950210632074495e-02
5.576639194261692745e-02
