1.157802115496542328e+00
-5.540393580620384117e-02
-2.840117853534150694e+00
-4.029528006686186603e-01
-7.503510739600807167e-01
2.291073626244208294e-01
2.105585946913375750e+00
-9.690583160332354451e-01
2.754855016122413347e-01
-1.341363016280105347e+00
-7.771647465823725565e-01
1.964135356485968931e+00
-1.746599094517643946e+00
-1.877506952604831358e+00
8.726053058625157788e-02
-2.285208029001172536e-01
1.308550607277220390e+00
6.211686858747917928e-01
9.469578783821636092e-01
1.850025995335610463e-01
-4.263995400527223478e-01
2.982062545857857572e-01
-1.532608184439410604e+00
1.943541228308021562e+00
-1.779205800158506046e+00
4.756249309266545877e-01
-2.745513031350190966e-02
7.324779274744883661e-01
1.978801431123647481e+00
-1.535690431472702677e+00
-4.694122453658546856e-01
-1.544163843482943221e+00
-3.655286207667589604e-01
8.708918713572632031e-01
9.829012787764482839e-01
1.885378263898605522e-01
-4.880501401441357801e-01
6.164411237643736552e-01
-5.668087845113098933e-01
2.040767539473555381e+00
4.119458462012068334e-01
6.113766095628671016e-01
-4.457130014158632858e-01
-2.324298783896636689e-01
-2.149071239273334655e+00
9.590587368446401584e-01
-5.747623620935675692e-01
-1.793868142337008864e+00
1.180345588829933290e-01
-4.214123819602162424e-01
-6.646300819250787750e-01
-6.192196551400985793e-02
-2.918290717158414371e-01
9.627963043988809755e-01
1.338512835610411733e-01
9.017124620081669317e-02
6.014533186277022381e-01
-2.249517048029663069e-01
7.817323401185036769e-01
1.207312264033426175e+00
1.079917903889979547e+00
-1.108410514406232561e-01
1.415604943926171144e-01
1.745929699196410834e+00
-1.218841984529469791e+00
-5.201093920762968059e-01
1.100138319536771103e+00
7.576053055046073625e-01
-5.736620225245325777e-01
-1.316075187731406970e+00
1.075883964631100670e-01
5.241341610771657056e-01
-1.352876036146892114e+00
7.983151216557400343e-01
8.061291762634310576e-01
-2.832330917235180781e-02
8.149233170622476041e-02
-5.629747216697146284e-01
4.856311402473421635e-01
1.876471480491425647e-01
-3.811824567089360238e-01
-4.735913268664561082e-01
-1.123737769798819341e+00
6.210473467176809148e-01
1.778883336491673628e+00
1.845731409140791701e-01
-1.099188979278268308e+00
6.747189241336554177e-01
1.213424123335686833e+00
6.078577798101396645e-01
-2.067800282547869739e-01
6.472637230592176438e-01
5.422537574770864843e-01
-4.158110351476447530e-02
1.815685192116918589e+00
-1.622693793965482634e+00
4.580117265764878653e-01
2.458560063465273227e-01
-1.798042295456580009e+00
-5.209983676403954211e-01
-1.368026641585978975e+00
-6.223225159180266752e-01
-1.481891900445346355e+00
3.584477753242026332e-01
1.389601283230509632e-01
2.374794089961862920e+00
8.072249581661542495e-01
-2.854843761527466328e-01
9.600750109316359415e-01
-9.381438990786594712e-01
2.212815789375308650e+00
-1.055036935220270200e+00
-4.717793668134713791e-01
3.117756654768121319e-02
1.725667737415977065e-01
-8.378302447539687225e-01
-2.454144380910628920e-01
5.158261653002594871e-01
2.503326162332473181e-01
1.001005199408947943e+00
-5.588006853159904752e-01
4.717402323272900655e-01
2.330949233744246743e-02
-1.406284975879434462e+00
-1.080918878893802226e+00
-7.011685871144069937e-01
6.006811595172951712e-01
-8.484273746551183049e-01
6.731789994460579685e-01
-3.207568892677743755e-02
1.149594082058880140e+00
-6.924119529615491153e-01
-2.657079470563692425e-01
4.618360009982772074e-01
-6.567478678445256568e-01
7.143715505140573185e-01
4.810856176688592112e-01
1.772672398212237432e+00
2.460009669777928620e-01
1.076410418837497052e-01
-8.997839073963221912e-01
4.349843075493619038e-01
-4.385681690553409895e-02
1.013110024053768266e-01
-7.560331169545235763e-01
-6.920959218603227603e-01
2.538259923281183550e+00
1.564352290612788243e+00
-1.172186342779223844e+00
-4.949635391691874914e-02
-1.546550808121749387e-01
-2.584555399263109843e-01
-1.387983096264890692e+00
1.039290672533034421e+00
6.899930416910144970e-01
7.693913402360257336e-01
-8.868202841431326311e-01
-6.607170209385203608e-01
1.923824988391231727e-01
-3.397957530319021813e-01
1.272853973683757856e+00
1.448013427490002503e+00
-1.794178375718602225e-01
-1.541604733560947849e-01
-3.581916262616020030e-01
-1.269819741801461399e+00
3.664786730400262232e-02
3.015485043589894443e-01
-5.015646692047835975e-01
3.741986850142009491e-02
1.984947104738432611e+00
-4.998607726820076258e-01
-1.765859641770538779e+00
-1.524013763471167016e+00
3.686394812269093157e-01
6.984516041905591832e-01
9.001567583078400325e-01
-2.561929377870292290e-01
7.730433619494080366e-01
-1.172164719136457478e+00
1.455517933381300866e+00
1.006130242694058818e+00
3.999850263518008875e-01
1.008221095526021349e+00
7.153172067577394655e-01
-3.001597707604299337e-01
5.076534146400176750e-01
7.119451630469284531e-01
1.252084807531567368e+00
-1.679458812618341401e+00
5.241865746702292217e-01
-7.659427661460643799e-01
-5.287780127959520460e-01
-1.266442559582942051e-01
9.271871945608961552e-01
-1.540394131434688729e+00
-2.198135673993329431e-01
-8.042986254210765518e-01
-1.331503804771695110e-01
-3.540949824893692699e-01
