7.336594085925859932e-02
4.723892387037544049e-02
6.653080336653199867e-02
6.595258871123702016e-02
2.309053053016963189e-02
2.805680015356884494e-02
5.068556197629141280e-02
4.862056933932935865e-02
3.291412597644889637e-02
5.947804657472892387e-02
6.138401760040253924e-02
3.650029911936171489e-02
1.647129785388457002e-02
1.595530620362925478e-02
3.229198792904235116e-02
3.930987530728575347e-02
2.250068533327980597e-02
4.976955656196654920e-02
6.885423733316423101e-02
4.468995248690538213e-02
