-1.510059640098748712e+00
2.128799038376835151e-01
-2.292787418445403624e-01
3.236806490216895815e-01
5.538304048580660298e-03
-4.190298936402543362e-01
-1.183894256173668280e+00
9.803772197489285523e-01
7.468915764491709242e-01
1.584849176844021379e+00
-8.409644137929082053e-01
-5.110088025594989869e-01
9.142845523616570380e-02
1.190632685492458487e+00
2.335056025481565101e+00
7.185132779794810576e-01
4.843637805861941703e-01
1.032710818082963389e+00
-2.482738437883433846e-01
1.447664436941183963e+00
