2.491301185506914970e-02
2.121954831180779266e-01
3.848478482106477139e-01
5.307828628383960690e-02
2.172153316083213770e-01
1.901601744633721336e-01
6.710451385451329798e-02
1.036317513221958059e-01
5.182984301898452273e-01
1.152585890402527402e-01
1.652008162731158636e-01
8.300526221919174441e-02
3.077507336064978088e-02
1.981723185994618830e-02
3.661033810132475336e-02
2.811456533612165590e-02
1.119441840341326572e-01
3.812683030701394943e-02
7.476495675487879189e-02
1.808602815320558416e-02
1.147536949654331534e-01
7.891697233246457166e-02
1.099933953334856704e-02
2.895057353436132630e-02
1.374045226269640825e-02
3.970114801215104405e-01
9.056926842088207363e-02
1.115528926033328150e-01
1.853339333237604414e-01
1.149179636405976701e-01
8.532808230189162235e-02
2.442431187221706379e-01
8.057071232605433897e-02
3.530972764747519060e-02
2.584234750924712110e-01
3.295309115275976142e-01
4.282312462997906605e-02
1.880058186861509328e-02
1.380837528953753057e-01
1.320308782529267810e-01
1.606634668009292166e-01
1.776591498413406800e-01
3.450103237356755281e-01
1.035648687582481631e-01
4.887309685112585234e-01
4.286317179913390341e-01
5.003428541738031976e-01
5.975397161131974083e-02
9.438833318505569780e-02
7.141458136846390303e-02
5.316697836205713790e-02
2.206552307560875892e-01
6.860543578672806397e-02
5.194986102937403372e-01
5.033392986922901463e-02
2.045471075103364733e-01
9.171177009023913362e-02
1.557153305498695794e-01
1.039998516344447371e-01
2.739705808622629468e-01
4.178544195040694714e-02
7.638998097180565820e-03
6.338395854390938000e-02
2.532971056892450168e-01
3.608952120076541203e-01
8.254896101056753699e-02
1.384291232057692327e-02
8.150838827090839053e-03
2.220365328625648060e-01
1.780091485980841992e-01
5.483379046551883906e-01
2.988142413344574422e-01
1.501414446771004163e-01
2.392659603509086561e-02
5.716114437793318181e-01
4.568710193744488640e-02
4.333168195339761469e-02
3.133616749355552095e-02
7.323473040598106609e-02
5.132573624992474437e-02
3.380891543181811093e-02
1.573569093466843927e-01
6.270791993646822327e-02
4.029269776292196958e-01
3.287674727185140866e-01
2.926995704638579374e-02
2.133274792563038397e-02
3.633156303776467755e-02
2.568347821578919471e-02
1.054153007400853992e-01
3.839268853793477154e-01
5.654775421138999447e-03
2.878163653258278276e-01
2.096948122324461886e-02
2.162798491460199424e-01
1.610498858752684448e-01
2.524720359835938011e-01
3.231736438420561575e-01
1.604775931537735789e-01
5.469960043426459473e-01
1.670858413289081634e-01
8.492642515460563368e-02
2.419341211650227405e-02
2.142859160358413090e-02
1.175992674936634647e-01
1.824486325434042100e-01
8.273885511793435676e-02
1.036340757369650145e+00
1.869355736485318539e-02
1.062209211109680224e-01
9.387265752483939241e-02
1.501016181846897279e-01
1.270727532389021031e-01
7.095187454164841867e-02
3.452888291766145756e-02
4.319049660069670948e-02
2.303731844018688801e-01
4.827958098833725308e-03
4.136509298230209297e-01
3.081545634667737787e-01
1.076004865288546913e-01
1.354861154502204519e-02
1.719887539094892559e-01
3.378941279856131907e-01
6.332792674392909160e-02
6.477261342172789815e-01
2.638365380190153126e-02
6.234321057280733241e-02
8.354991208024004079e-02
1.607200855252768623e-01
3.086783262762736180e-01
4.155090167607201068e-01
4.369641207482271028e-01
2.989261606259848748e-03
1.743280536822816714e-03
4.669575011529380343e-02
3.741675984605854488e-01
2.793385807471804316e-02
4.854712725742774126e-02
6.579314888086799581e-03
3.552438156519748258e-01
1.940472044567225496e-01
2.699307745983993145e-01
3.475075985056626932e-02
1.620355125684296294e-01
5.543598121847562871e-02
3.785070661309767465e-02
1.756795510887694256e-01
9.073147516203560956e-03
4.294604358333629635e-01
1.564915427724719241e-02
1.371178905411909454e-01
5.604951781952898643e-02
5.013670170298893669e-02
1.943226667293915244e-01
1.756098540677633324e-01
5.593872685123738586e-01
2.309273653182677688e-01
1.227945875570521234e-01
1.716724642202251683e-01
9.924117173927057833e-02
2.873724319391726678e-01
1.441278473015578099e-02
1.246889880890253016e-01
1.247807597341249880e-01
8.221363285971974855e-02
4.602609892469472497e-01
7.573429795002192821e-02
3.766469596266947550e-01
2.038066195247357215e-01
4.149587677489501303e-01
2.953240600468210950e-02
1.719673861272619786e-01
1.938947678775830574e-03
1.548802402010838325e-02
2.313704390799224964e-01
4.850934809344133875e-02
2.181500478600075787e-01
6.746170538502983816e-02
1.464405280917370211e-01
5.684523665355177557e-02
1.328016740779066895e-01
8.520519025093327425e-02
8.040199746029207117e-02
1.262859369064905368e-01
9.087021052198350490e-02
2.743932500177675982e-01
1.862221786604623674e-01
6.272108656060511322e-02
1.674897976817056600e-01
8.705755405949602843e-02
3.534576990863953772e-02
3.911698135444941632e-02
1.210254949077846538e-02
3.047051661877739955e-03
3.541965275937236091e-01
1.692898954021643254e-01
7.060174768999122330e-02
1.838614157080642186e-01
7.682515467916504158e-03
