3.001672921399500815e-02
6.211975831426892053e-02
4.018224422992039413e-02
6.910626855919982381e-02
4.057620306405726462e-02
6.986684506957492602e-02
3.804013432212023649e-02
1.619978509836151812e-02
6.146555803922305883e-02
3.241336925775471084e-02
2.619396089659861010e-02
4.240869737993468308e-02
3.632425132442562710e-02
3.916263297762356127e-02
2.875673176731886188e-02
3.828436290973872419e-02
6.933953398408136681e-02
7.745319152898835768e-02
5.270773056893018199e-02
4.121430678749166826e-02
3.755954240200602701e-02
3.289157355672366057e-02
7.909552235064715164e-02
2.502536597712309158e-02
1.952396798239285081e-02
4.655904368560669082e-02
6.280670411858305102e-02
3.837770115729129128e-02
2.200226894669158814e-02
6.518265278723844869e-02
5.408073335115403529e-02
6.234713082269556506e-02
1.630691507822962585e-02
7.435125339336315364e-02
5.116153955782030277e-02
4.251385408217063511e-02
6.232379850219487566e-02
3.355451500084460914e-02
7.275240046414707673e-02
7.218261558390395849e-02
4.509990326165569385e-02
4.093180592912350202e-02
4.187338352556689569e-02
5.139503982130193271e-02
4.206412276313482856e-02
6.493708784682734880e-02
2.726251378114336738e-02
2.555330751727174360e-02
7.892727630099558023e-02
7.900672810983257188e-02
3.973842532256320614e-02
1.988117021762804762e-02
1.635957735049680534e-02
6.154215189601926206e-02
4.919497657228159154e-02
7.284869470199856201e-02
7.948838190351173449e-02
6.115424855138978932e-02
5.735815976828309570e-02
1.782487614316888291e-02
7.127986817629319849e-02
2.047236728788870419e-02
3.038049121738545938e-02
4.119534209278233328e-02
2.083153879158295557e-02
4.550724319327842382e-02
3.701692638656865764e-02
5.929647447252370945e-02
2.317343290355524527e-02
1.730547867694998826e-02
2.900806260911804185e-02
2.624456135476248980e-02
4.285744635325011709e-02
1.887947719923334378e-02
5.167398242403015846e-02
3.440551886850477109e-02
4.920559891639098016e-02
6.117913228095363948e-02
1.688610125046475022e-02
5.736129855468695415e-02
2.725769583411593103e-02
2.119156184294738662e-02
6.017434596776614908e-02
6.271377179298062710e-02
6.650596388056360941e-02
3.623207683264233203e-02
5.943284939382161708e-02
5.533826343666570918e-02
2.372391184413121662e-02
7.113449764089198324e-02
2.960922758162010116e-02
1.694065619384125740e-02
1.553995321942918534e-02
6.776023444590598133e-02
6.463641076770373917e-02
1.687357903195690900e-02
2.457325495878841595e-02
2.410898931308098903e-02
6.051401613421179826e-02
6.235937562953608460e-02
3.866825746760607641e-02
3.304659632165599104e-02
4.703164258410585941e-02
2.252502081271726825e-02
3.865595187487889245e-02
2.016016735459743789e-02
2.535879555698814306e-02
3.914184976953770378e-02
1.633281170157713930e-02
3.241689606323004680e-02
5.457940585059180283e-02
7.505368980056886796e-02
2.611005796005067339e-02
3.389311149270950174e-02
4.513021607743328278e-02
6.014724160273344361e-02
3.595703365310448651e-02
3.939172492857563601e-02
6.178995087783480111e-02
5.174758056824892843e-02
3.006967790943559926e-02
5.520273936074070187e-02
2.093114330512603136e-02
2.715375567033833856e-02
5.893667795845921459e-02
3.028349108346455043e-02
5.854830279326736497e-02
7.944103970434805706e-02
3.243840015670126919e-02
2.106864491630831837e-02
6.359044748710902806e-02
1.549951894804081805e-02
3.363017827933760528e-02
1.579222788327476479e-02
2.041628811714400749e-02
7.044004262175321274e-02
2.465461813637847416e-02
2.888952577542720085e-02
4.102420899500348883e-02
5.647361429369475438e-02
5.066327294258051589e-02
2.034968951051492614e-02
2.204453031232292415e-02
5.131235019135936548e-02
2.288319909310388214e-02
7.876952165958693575e-02
3.144608945418823909e-02
6.540554106496944409e-02
2.584477996067965216e-02
5.830532215040119121e-02
3.798868829533309788e-02
3.830621798810417145e-02
7.564802947443161063e-02
3.782143464458617710e-02
2.115833557887010150e-02
4.375683816061609610e-02
3.084710585208752173e-02
3.124160316566432921e-02
2.666879048381751161e-02
2.240974742272790893e-02
5.296478379411473369e-02
1.546623511959644565e-02
1.716077181566483950e-02
7.554422191974605183e-02
3.977266559222820269e-02
1.866106317429497979e-02
2.076049674228356429e-02
5.285373744608946184e-02
5.294544878860867748e-02
5.312835360693822506e-02
4.765055539233267745e-02
2.047426116511149100e-02
7.371316835563945791e-02
7.451188757213818292e-02
6.163228631435458543e-02
4.838620974153259174e-02
4.949294311629072463e-02
3.231830205772832920e-02
4.810221372359019254e-02
5.697987261210035737e-02
4.949313624221944596e-02
3.828719819469122293e-02
7.489096737771874790e-02
2.949428915794959430e-02
3.370420249303315158e-02
5.555826192643412847e-02
2.192277050275734038e-02
3.533734768981111607e-02
5.609114998178117012e-02
4.750305651501218751e-02
5.576985663798224302e-02
3.033154510589461741e-02
7.883222958252121548e-02
3.365546601638430557e-02
2.090245702298455799e-02
3.526524363333266576e-02
4.585932054671483515e-02
3.708487938181871668e-02
7.308713273416381218e-02
6.897309741510022907e-02
7.308491779590198245e-02
2.624321845363701902e-02
2.887511216370951955e-02
5.895857426129461065e-02
7.163082834895857787e-02
3.484865786408695293e-02
3.758163810948114691e-02
1.533056954950171198e-02
6.075291715445427926e-02
5.472460279149416601e-02
5.831285000413874431e-02
7.781080883547679405e-02
6.385855306931219333e-02
4.299873625959840795e-02
3.712812946099937339e-02
4.186875716592199093e-02
5.177288413776043319e-02
3.685783387218623253e-02
4.804069253839279852e-02
3.599542711555432650e-02
5.747142639322193325e-02
3.341305829408953293e-02
6.114344787422506394e-02
5.040148857583125197e-02
5.338845230937219050e-02
2.403794475405648251e-02
6.389175741658881247e-02
7.758032703856009016e-02
3.974294654355928907e-02
3.341651990977159703e-02
3.654261033434286904e-02
2.733767297392667925e-02
2.685503204653993947e-02
7.676234604604345590e-02
5.780438924451385130e-02
6.874243197462713562e-02
3.524894921543451909e-02
7.186778559450893167e-02
5.563084342643257602e-02
1.831610288050366381e-02
3.303139091886407586e-02
2.511909489980968663e-02
2.509768813885816102e-02
5.205643136945541094e-02
4.787791421521602614e-02
7.612560683548742768e-02
4.874900241438499121e-02
5.894914952299323829e-02
5.497775535154028614e-02
2.798147166762062280e-02
5.284231214193376575e-02
2.472646766954702049e-02
2.750328152465338072e-02
2.331924851969145729e-02
4.071584033384018086e-02
3.626126216144798936e-02
1.863633229801697419e-02
2.025137043002887480e-02
4.112083963245924401e-02
5.311466633057504438e-02
3.856869800987923480e-02
3.590232188220975063e-02
7.747560798842267893e-02
5.973297911780975356e-02
7.486407687729981775e-02
4.081644254931490745e-02
2.052727634163135570e-02
1.837960646568079226e-02
6.178458927949511542e-02
6.432767364156648238e-02
7.192348204731627281e-02
7.339228523524483905e-02
3.259495780164366197e-02
5.830997288179723403e-02
6.673410648518830757e-02
7.830447129589734878e-02
2.295878886903065380e-02
2.297132717048846334e-02
7.472542424844617892e-02
5.176397674782184238e-02
5.814911615989561133e-02
1.511509118152022310e-02
5.378337447603680904e-02
7.413510549776076985e-02
2.450168468044568865e-02
3.031623160451860782e-02
5.989450316009979625e-02
3.910081534810225246e-02
5.001845013365525949e-02
5.237090713164868627e-02
7.779091519091670126e-02
6.448836172167177194e-02
5.178498104227940990e-02
1.547244371351493702e-02
4.506407185215179079e-02
7.514879868340695879e-02
5.950124955192156312e-02
4.819223831411137415e-02
5.480585790018024234e-02
3.592911355833199039e-02
3.782687150584584240e-02
4.075500387928884805e-02
3.535149224892383812e-02
4.558789032327316415e-02
5.857509382992264618e-02
6.440386784811286125e-02
5.341218613020295991e-02
4.079970049196625370e-02
6.822113517273992178e-02
5.767190493453581979e-02
2.104155759143772411e-02
7.452266172523713816e-02
3.825135996631327806e-02
4.730470807020955432e-02
2.772234255079446957e-02
5.945592223594940023e-02
6.158589533069931676e-02
6.437703934798567895e-02
3.485457067113703622e-02
3.312215539665773478e-02
1.910932449024592070e-02
7.979547197164343908e-02
7.526681099145809961e-02
6.745143082783171262e-02
3.900823639910329377e-02
7.269898296212713718e-02
6.798199690491113500e-02
4.768781041428645645e-02
4.432179138607190982e-02
7.548313850005192172e-02
2.429638177714302932e-02
6.048539687717994356e-02
1.524445630675633039e-02
7.032012585046951147e-02
6.885487687976386828e-02
3.413464839154550790e-02
2.051783125152750742e-02
4.401387568005987738e-02
3.831770553285919478e-02
4.774489303990497868e-02
5.184848813237103587e-02
5.708711849823305123e-02
1.772300400773634335e-02
3.508314924087732600e-02
6.548339834894487121e-02
3.851385577913267466e-02
3.333289015783413162e-02
4.138484434192482575e-02
3.688432410428465341e-02
2.917011305081042977e-02
1.504422853841145581e-02
6.730067724528336626e-02
3.990105120497614011e-02
6.238050823507122755e-02
3.079761853437475855e-02
3.312967621311052602e-02
6.381880484110616369e-02
1.584616036068612135e-02
3.096685191124422601e-02
2.535700948993272613e-02
4.300845898469848883e-02
2.606250644039673214e-02
2.585772688147118525e-02
2.477648389463849021e-02
5.666957837178666912e-02
4.788821954972356104e-02
7.923117543598780232e-02
1.688534419256796509e-02
4.948394057928897499e-02
5.433447808286647612e-02
7.057723612676364278e-02
4.817651483644926069e-02
5.041030917645675929e-02
2.692794088260506979e-02
7.659693644126375212e-02
4.427055559173471988e-02
4.917765889193485146e-02
3.929695548386760717e-02
7.061634050711616817e-02
3.142025270942278709e-02
7.575388837503280182e-02
6.158186943989660961e-02
3.630816742172870981e-02
3.414541499768050659e-02
4.342196166263653789e-02
5.016548929286635677e-02
7.056198539298010053e-02
2.370949377332723720e-02
6.839719566422737540e-02
5.331822662627309223e-02
6.803353625118715997e-02
2.419087553179451525e-02
1.573745011638629995e-02
6.913646918800891994e-02
4.384817700596249646e-02
5.473554784833897097e-02
4.130495562778829094e-02
4.068745581707990111e-02
7.696527045596660010e-02
6.827487748149410618e-02
5.787269875519635010e-02
4.824416925283499941e-02
3.671691602405424693e-02
5.888544927675184310e-02
5.318355666367312329e-02
6.683772263308439265e-02
5.824357648902090540e-02
6.542160941470152868e-02
5.250978364114038122e-02
6.394938973982977615e-02
7.814705896334159241e-02
7.951297046699798421e-02
7.011156451099535836e-02
7.481946449142122535e-02
2.787347087220480579e-02
5.784001935788699728e-02
1.777613537638382882e-02
5.651460026398089781e-02
2.205583075786579986e-02
2.465611661315063666e-02
6.910228087881624404e-02
5.163287022217488698e-02
5.782830668045268324e-02
6.544823585952302958e-02
3.987112219318875161e-02
7.772780851335761576e-02
2.315112479594862160e-02
6.946063602643300083e-02
5.381342137899683409e-02
3.159581526537537377e-02
6.878720127119714034e-02
4.872763454945185091e-02
1.555058392515830216e-02
4.357372171823065132e-02
2.419069737237902404e-02
4.632506548088115295e-02
5.106460140526174890e-02
5.517625115475672387e-02
6.022691964259245523e-02
7.382793608693365150e-02
3.280096110985048635e-02
6.780847983020910075e-02
6.941602153855816471e-02
6.259716892426406276e-02
7.126203475179532232e-02
5.082069583451226391e-02
2.778407991432995522e-02
3.786456171263781478e-02
3.669623627073753669e-02
7.985412390723806153e-02
3.323579993684151745e-02
2.361241805058679477e-02
3.809219202148240307e-02
3.186535072164497356e-02
3.414370388403501627e-02
4.182117255416867296e-02
6.221494962403339296e-02
5.096868011146748340e-02
7.481712930774950254e-02
2.488364050944508882e-02
5.869724798102611552e-02
4.734517516719116692e-02
4.853488886654153817e-02
6.029878451382537918e-02
1.953453697158396077e-02
6.376115690174058437e-02
2.288735132438759687e-02
3.955901710988258407e-02
2.812901885631465676e-02
7.349648857342941377e-02
6.030492527341336367e-02
4.149464941629685960e-02
7.145255422580755467e-02
1.727036838465771315e-02
6.825211777915873856e-02
5.888066454940331373e-02
4.208008119144970166e-02
6.119681677883418575e-02
3.908165086052407117e-02
3.012467431132825196e-02
6.683601215582662958e-02
7.241714795724263354e-02
2.677292524842991156e-02
4.021203180418257001e-02
4.521554040962540155e-02
5.623535929698409569e-02
5.158920078280120058e-02
3.983754642292439835e-02
2.672072367579368668e-02
3.801543386058808122e-02
2.583568581407758719e-02
3.729442939312258010e-02
5.738743856806213794e-02
4.334047428838189858e-02
5.728702649476392905e-02
5.498934245698341300e-02
3.204575484356758652e-02
4.291633124432654711e-02
7.043961810237774068e-02
7.660539282383654891e-02
2.125908266094830509e-02
1.800232497090541173e-02
5.759265512861012903e-02
3.966054071598299618e-02
3.017048091161156353e-02
5.315789592496317217e-02
2.631398494136771501e-02
4.577166011615251690e-02
3.395272493918970180e-02
2.776156295411646643e-02
6.588858581216930355e-02
5.512690957326137065e-02
7.832717693043524110e-02
4.542896572365277830e-02
4.207516697425503494e-02
1.998409348674919095e-02
2.179530699988726367e-02
5.606119956964585038e-02
5.820348923785146483e-02
2.178097473223309516e-02
3.043334634229895655e-02
2.980766463462429169e-02
6.264359864633670116e-02
2.520412229918552599e-02
2.388992405129395508e-02
5.955903034671974211e-02
7.348415905245112012e-02
3.411426114920070030e-02
3.157569693713317693e-02
7.108387284723868826e-02
7.981373120164958479e-02
2.926323956608952587e-02
5.159895742636746996e-02
3.412429394975681485e-02
4.475043023180863555e-02
3.819202181776693017e-02
5.646189023718333616e-02
5.706093600990873316e-02
5.323536566414820148e-02
1.897137317002341519e-02
6.152868123510780302e-02
2.683844164893173234e-02
4.587297270287334777e-02
2.678671791103108546e-02
2.809767989456612297e-02
3.081650183081603017e-02
4.391579781292626050e-02
3.331827912293308658e-02
3.689548043025620006e-02
2.913164926476417838e-02
7.506262269235053353e-02
7.548040829822874609e-02
7.177701642445814822e-02
4.733119398669209665e-02
3.952187923969169986e-02
6.586948106287310312e-02
2.512224661089910993e-02
2.550391721461018821e-02
7.720654081285691084e-02
1.915356326714855173e-02
1.615676569455119782e-02
7.435101639374847027e-02
7.427071795817993816e-02
1.718108869902343003e-02
1.654820374090848825e-02
7.457685883984610520e-02
1.971110363846784175e-02
1.664753857813893595e-02
6.972763286117719672e-02
5.066631588424772015e-02
5.468555853588464438e-02
6.470715023328260651e-02
6.847519169377455639e-02
7.048869091222087491e-02
4.044122866504690911e-02
3.832062784794974808e-02
5.882191098164488846e-02
2.665410964382897152e-02
2.414834269796548374e-02
5.658350713561297735e-02
3.075702538546057005e-02
4.049303897902425953e-02
3.152977640158020900e-02
3.199630164243122410e-02
4.741281053187902661e-02
7.844852837636094589e-02
2.597490238385815817e-02
6.151396164387190613e-02
6.093085724715705670e-02
6.734868399026341934e-02
6.933322160968208303e-02
5.204897975807092070e-02
7.201558042841692264e-02
4.048293509713826732e-02
3.742372117145410793e-02
7.085874901405696258e-02
7.738785627124505906e-02
6.252353632410059814e-02
3.899131751113210642e-02
2.142479396541913800e-02
2.727089234347900015e-02
4.396799839992464320e-02
3.625563511764835767e-02
4.158653468226208849e-02
7.858002864821506117e-02
5.786852220808696295e-02
1.931298064432471900e-02
2.866364137183354671e-02
4.960128627296712944e-02
2.143606405270205920e-02
5.683306162126539052e-02
6.707353068647139982e-02
7.859215237089600681e-02
6.789698505054372890e-02
3.200855395232370809e-02
1.603211743527397162e-02
5.304130457186194414e-02
4.655072471221947256e-02
5.346796143834803977e-02
3.515184003080561170e-02
3.585345671612634455e-02
7.086757320308488539e-02
3.628117283312341790e-02
7.060450236629398080e-02
5.049823738270582674e-02
5.375923874539624558e-02
7.581790649365140189e-02
6.822355279068248457e-02
3.205921307422149313e-02
5.495289105189377771e-02
7.280801306156221842e-02
6.974094814444438406e-02
6.894741746849950004e-02
7.039014514364826114e-02
1.999875435847068422e-02
3.552887424492576218e-02
7.119808148058805186e-02
4.530482209813523065e-02
2.975365062913193359e-02
4.044749636376064605e-02
7.745090205318333476e-02
4.492782970578899915e-02
4.765009204824033340e-02
1.958714564760996243e-02
7.084721154104850482e-02
6.339688421565210785e-02
3.376425192531191943e-02
6.680128812292517038e-02
2.426561085542125462e-02
6.537909816748485592e-02
3.056396086048475402e-02
1.924741697098546894e-02
5.799432097547201070e-02
2.891738351307068799e-02
6.822594971406956144e-02
6.621766618368568613e-02
4.421171853693732501e-02
5.317622340487546118e-02
5.649132228709818210e-02
3.663990235404659956e-02
7.116766733458596006e-02
4.842531239418500916e-02
6.712967118318136084e-02
6.036458202363191583e-02
4.554172852631845070e-02
6.435796901593107688e-02
2.321025360030702644e-02
4.688536918099107942e-02
4.372710752735498724e-02
4.084332321269171923e-02
3.568595640882033654e-02
1.745332638381173057e-02
3.584198609534325342e-02
1.665156398884305722e-02
5.099935934527744658e-02
4.010474278984350188e-02
4.395885519421277587e-02
7.218990201490947667e-02
6.805598166247681102e-02
6.680299034191128360e-02
1.894273826802099145e-02
7.249114285804755808e-02
5.600578894168881106e-02
7.025404446631491884e-02
4.419316029801237389e-02
5.509486866377689973e-02
2.928940414663238831e-02
7.891758821461709872e-02
2.650961673803595847e-02
2.825326175790693339e-02
5.711559068843721082e-02
2.980942079138034981e-02
5.988402296811565911e-02
4.328487179178366895e-02
7.837283361579508445e-02
3.447744610558309275e-02
3.454625742835128188e-02
3.425263053492821896e-02
6.612415124055315285e-02
2.942707713584581664e-02
6.983064694909144055e-02
7.511736387524556302e-02
3.525949868120910324e-02
2.341320343188112857e-02
6.891858116302410076e-02
1.636387443839066799e-02
1.649014450586890057e-02
2.057400712384453711e-02
7.138883297492941427e-02
6.369161029959874432e-02
6.593461793757612877e-02
5.278490939072828791e-02
3.039291770394811007e-02
4.528203671718075696e-02
7.639925929801144600e-02
7.166312507549521538e-02
1.776683176910208092e-02
5.897321008452637708e-02
1.958226401956978183e-02
4.789365304982112076e-02
2.633992544624371920e-02
7.924099379635612950e-02
5.883869624643022628e-02
3.972663433363253505e-02
5.255253872186908815e-02
4.491585645377845631e-02
5.740867824347204579e-02
2.243185075779759174e-02
3.933223130859640759e-02
2.178315570063699830e-02
5.911984789546732844e-02
3.621274542574943328e-02
5.652526459515789387e-02
2.501359245330087716e-02
6.497811067099229509e-02
2.209639470621735033e-02
5.044923222702359100e-02
5.699897693779930330e-02
4.874516313739755968e-02
3.574754314688206869e-02
2.820908309362599869e-02
3.911222330699109379e-02
3.915035698534840430e-02
2.342146639790227552e-02
4.523111764973229698e-02
2.096304848167390711e-02
3.862480161345936691e-02
6.269080245936466123e-02
6.571688042175316546e-02
7.173901367529034179e-02
2.976979451157407003e-02
1.691954662541141421e-02
7.998984850757762111e-02
7.944497279329294781e-02
3.509267582236767768e-02
4.398354558702262385e-02
5.170627657182055859e-02
1.826994342631975063e-02
3.528553648023438627e-02
6.738263680939585165e-02
4.303024297260800435e-02
7.977965260053436480e-02
5.889462609278101057e-02
2.364588074731942269e-02
7.037081860836738589e-02
4.287563098831374819e-02
5.491074501219151555e-02
6.368034605972787421e-02
5.684538278725762700e-02
7.522894674153274286e-02
5.467587212291444287e-02
6.979450194523481588e-02
2.283089974543379280e-02
4.849488086142705184e-02
7.693839131250665431e-02
5.818307248538583110e-02
2.613976206176965578e-02
4.848208352010036082e-02
4.123910853829583500e-02
5.369645206128708520e-02
6.098189121270428115e-02
2.571468070770773287e-02
4.872170169995693190e-02
7.048613533246343710e-02
4.247844984268356328e-02
2.371864113903517438e-02
1.766431094902145768e-02
1.588686154398405437e-02
5.248279540620658101e-02
2.879498208019945840e-02
5.617801269896229022e-02
2.246631216080515955e-02
3.751035204419805175e-02
5.015870931234457653e-02
4.170234299243627540e-02
2.879649634055709423e-02
3.229580016187960645e-02
3.787371931146418791e-02
5.172462383537359404e-02
7.383818793643000256e-02
4.328017541519452172e-02
1.610719246335504812e-02
4.367698360745239650e-02
7.311941141671496336e-02
7.890093008042127487e-02
3.251580997547688645e-02
4.942518743145404847e-02
6.002331386258884238e-02
5.744351974527277943e-02
4.548088067297914594e-02
7.182303022366545719e-02
3.214797131692691962e-02
4.216846813017144369e-02
3.827298991950710272e-02
2.933118220289999967e-02
3.052408050206404516e-02
6.203798662254910584e-02
3.242008177866884111e-02
2.530710411835718904e-02
4.287339115382490795e-02
6.659018685180517760e-02
1.505397288715829354e-02
3.941240430690953755e-02
3.957718987522756970e-02
3.653438665133910274e-02
7.966470163911847091e-02
7.264758421499284413e-02
6.201383009976654120e-02
3.370956866800776941e-02
6.768992139119263396e-02
7.005167004973469891e-02
4.659889128858583224e-02
6.852121653380402466e-02
7.926444451226014043e-02
6.096824132046915062e-02
6.191994020499955870e-02
7.109443088576627989e-02
5.453389773445355831e-02
1.842979953203599530e-02
3.243963914644183710e-02
4.838409634789096747e-02
3.852354359596246725e-02
2.057954475158031357e-02
5.025310582713243823e-02
2.425866627122100910e-02
7.675186512542839234e-02
7.763417223396150424e-02
2.530889092206380434e-02
4.078574355238555327e-02
2.771814465032405167e-02
2.637641271532142895e-02
3.025195595144135330e-02
6.044756493594909824e-02
6.268393217301335141e-02
2.418080235060778016e-02
2.790294117630882226e-02
3.046259011044257642e-02
6.506957785388256532e-02
2.525529026688566603e-02
5.823864108556175978e-02
7.108257794538812291e-02
7.464930712668454982e-02
4.352891702144717767e-02
2.950351628451894359e-02
6.093536877450407563e-02
2.688347520618127734e-02
5.839830657008047293e-02
3.024958022480744163e-02
3.658292576083070624e-02
2.413285386403023897e-02
3.035443221319020918e-02
2.891557908323167531e-02
1.574949549192840650e-02
6.527072219908608419e-02
1.605744996182935369e-02
5.620685752657316597e-02
7.073983036506564792e-02
5.968477765626824250e-02
7.435542725645807871e-02
3.728439025838371779e-02
6.790139741959203001e-02
2.092382566496102728e-02
3.710278057042534078e-02
3.784834446801642327e-02
3.701650090595109271e-02
3.921946742882084086e-02
7.177837229783906592e-02
7.301208259530378442e-02
3.168130736563265493e-02
3.052756027377208359e-02
7.699626795164610238e-02
4.941930769647289584e-02
7.724440666608511918e-02
5.217636790122162638e-02
2.329976007248396250e-02
5.746691476948449784e-02
7.332480505577883279e-02
3.533580398566880248e-02
5.793045506885113882e-02
7.426864986862294349e-02
7.049843483967335733e-02
1.942226792189039736e-02
5.918976320965515375e-02
3.689680932569232297e-02
6.776160047808582609e-02
2.336702317342068819e-02
1.624019565068508808e-02
7.449685004670500432e-02
3.206097328733283763e-02
4.751442907758675338e-02
2.219956179889258016e-02
4.315946391202709481e-02
6.577669675676738048e-02
3.476487491505961258e-02
2.686992821340080523e-02
4.950684194211006639e-02
6.197654753256594956e-02
4.912793862369484177e-02
3.915355894154792099e-02
6.558907722912660221e-02
1.511821522047299832e-02
2.562541031472214889e-02
1.500120084447832680e-02
3.380707851395050451e-02
5.125483239309964328e-02
5.757258591193320507e-02
3.046650335515461994e-02
6.506246344511790181e-02
4.000108398998383774e-02
3.680018053635716879e-02
6.866414058869821369e-02
5.505691805077763540e-02
6.052269052633105911e-02
4.178831064939340229e-02
1.697935030720120267e-02
4.430224720997746196e-02
6.732764212630371059e-02
4.652334927610232707e-02
2.191172766484072304e-02
1.770605841029982558e-02
2.370436916858088827e-02
1.984099399396969249e-02
1.914403022062961465e-02
3.475134536649664152e-02
5.248456980107757408e-02
5.547529899264283526e-02
5.341806524981084631e-02
6.040915336303798872e-02
4.336450601708138897e-02
4.956626596711244392e-02
3.655335258969051593e-02
6.616248126901660975e-02
5.542346979639023452e-02
3.797932204048716509e-02
2.296182893319951429e-02
1.813409620027048308e-02
2.072482121220975762e-02
3.474758912611597417e-02
4.852336765786043754e-02
5.199017429087911951e-02
7.536036359466652401e-02
2.138774273914660976e-02
6.688014440733948407e-02
3.050778678648758541e-02
1.808768578485962092e-02
6.067628720634808681e-02
4.536118369778364273e-02
7.251778678760952002e-02
6.675623893164954470e-02
3.277817146452930569e-02
6.647975057324295722e-02
1.693165381865727875e-02
6.017371462849524510e-02
2.605028949072648453e-02
3.891811516734999810e-02
6.700691896418539684e-02
6.334794251612191340e-02
1.902617815583135946e-02
3.691442518544343909e-02
3.697420957941688346e-02
6.820397464469327153e-02
6.001961834206585161e-02
7.196643655555812202e-02
4.137856674082385916e-02
2.978841806933577030e-02
2.398892688278726065e-02
7.484287856695373553e-02
7.062641047572799924e-02
7.792562187722146261e-02
2.853518129755856780e-02
1.551726064852508580e-02
3.502140820781743380e-02
6.655854015639078858e-02
1.560008442966386369e-02
7.977535878041933093e-02
7.439980764151186976e-02
5.250994705504762050e-02
6.877395658239561504e-02
2.665420776212950454e-02
5.998779479946435983e-02
