9.303865130061643451e-02
2.334024957551103160e-02
4.903304389144080844e-02
7.792616370102992997e-03
8.733765410468170842e-03
1.957241132869270983e-01
5.104613632601117112e-01
9.396158251579146692e-02
8.479477672932335744e-03
9.605675537579862200e-02
3.359967427742431290e-01
1.150531404369415783e-01
9.056677087425650530e-02
3.027600655003501728e-01
5.482365852007109464e-01
4.138728461109136836e-01
3.006841937231641802e-03
1.584389306799391661e-01
1.057515606765751376e-01
2.616034276255033153e-01
3.556671531647252749e-02
2.111469532140142769e-01
3.728819739838930558e-01
5.721618271163404074e-02
3.224430191797478251e-02
2.915967512439858189e-01
1.789720628077630937e-01
7.343307435651418025e-02
9.510833705582516506e-02
5.499198585035794395e-02
1.273496123810839431e-01
4.782493528549078970e-02
1.276180789039642327e-01
4.719285552651043547e-01
1.472544656972681332e-01
2.023223338199231780e-01
1.522783620424237039e-01
4.128241067178597401e-01
2.008531162680280147e-01
5.560886203404096229e-01
4.577901288055519768e-01
3.659897798734699781e-01
1.361786233999202622e-01
1.873095062562184776e-01
1.511084763453133216e-02
2.758012165960173068e-01
1.435266277753056430e-01
7.378520310681653260e-01
2.221013043248348251e-01
2.622914945072798432e-01
1.152357419649805287e-01
4.152780854298578073e-02
8.796787112555939925e-02
1.551481382099049733e-01
4.880418955468035502e-02
3.912317929751066292e-03
4.990800155857305631e-02
5.895528472651269114e-01
6.981234293183112560e-02
9.357163391285529264e-02
4.475680099779959509e-01
2.961326219442928301e-02
7.707567710784831716e-01
1.041638602831737453e-01
2.183724247027093307e-02
1.978863520097076112e-01
9.323941298682533740e-02
1.566269683791170764e-01
9.402353596349766196e-02
1.464637572490017636e-01
9.568035782070723194e-02
5.234336252850082388e-02
7.159916865262784536e-02
4.460455953216558855e-01
7.806100129727229497e-02
2.749235634983034915e-01
2.036313232377964244e-01
3.869986042542170046e-01
1.199224517995392258e-01
5.061094412249320801e-02
1.279940150866799853e-01
8.571454563411182170e-02
1.563464055240688412e-03
8.431883243426991498e-03
1.609206610686328143e-01
5.144748635351134025e-01
2.752135725647876230e-01
2.443054759603458526e-01
1.203484190161051848e-01
6.429914846980797072e-02
3.313208790635572831e-01
2.554420496451321326e-02
5.438817473386540341e-02
4.758766877848291110e-01
1.078805661946240051e-02
6.726136251471813432e-02
6.413535700888543800e-02
3.941469934790663432e-01
1.766050699005043412e-01
2.370202545047186138e-01
1.192050509444361472e-01
6.436909449035838060e-02
4.143822530610273835e-01
1.303202884891953572e-01
2.323673350795385506e-02
1.610996569602482498e-01
2.722395050266174787e-01
3.393000859417581727e-02
9.642608500006596972e-02
5.616597410171287885e-01
3.926848026938717373e-02
3.408389405340437328e-01
8.362921608720180755e-03
5.602190221100326051e-01
1.954171056285220753e-01
2.455654418385319615e-01
1.818117567710476057e-01
5.187559868733689766e-02
2.666697324070572139e-01
1.239299382437433034e-04
1.938278341824285489e-01
3.054044321438838527e-01
1.793176433499653333e-01
4.378198900171232921e-01
1.257227712846217538e-01
7.549418347688018061e-02
5.117695529881057664e-02
1.360916506845374629e-01
4.113086756047286408e-02
3.219756844382719585e-01
1.572796091044625835e-03
1.513526240473947182e-01
2.176525981447352820e-01
1.717041674935393947e-01
1.540599816940962374e-01
2.318064189071695480e-01
2.527886304048734822e-01
6.872451460693118630e-01
1.064266404730621236e-02
4.864034512757366147e-02
5.549074013233298158e-02
1.171353053483229489e-01
3.592918710648219660e-01
1.086691867919961640e-01
5.325703826136387598e-01
9.941893780919440482e-02
1.362102493806007300e-02
7.862762384514093705e-01
6.055682103809825745e-02
4.946571789636247107e-01
3.571412832654056735e-01
1.297879416499105000e-03
2.391980607863463393e-01
4.041109896528351925e-02
7.349392040792290803e-01
9.103191471123958656e-02
7.693404751256829877e-02
3.053550447999466289e-01
6.502076940985958287e-03
3.332158074877300535e-01
4.916810935568474150e-01
6.041246081932590689e-02
5.307167711540687616e-02
9.126450530552368545e-02
8.315240962546286418e-01
2.833746066351118531e-02
1.781931252012433631e-01
7.025665061099876929e-02
3.717501028115172135e-02
2.169963471800761823e-01
6.760068269619752546e-02
1.452412804880608421e-01
7.381308470488558149e-02
1.405159770345724146e-01
6.294899885095023295e-02
1.460904692193160104e-01
2.700783609387995554e-01
2.506722354923925922e-01
3.290555140470029834e-03
2.058165085234541503e-01
1.577020313432083432e-01
4.133670843194032773e-01
2.626087890931572688e-01
1.000532612452849079e-01
1.165887025749419159e+00
9.311110354286097901e-02
6.030688899438008121e-01
3.444617816110679409e-01
3.660169146784865157e-01
5.519937818720830475e-02
2.305697833684970943e-01
2.119996962710449517e-01
3.395652940778060708e-02
5.985425562116095111e-02
6.222180477868474724e-02
1.000322201286936614e-02
1.175550095916402804e-01
4.735032921459855076e-02
4.448338560325477697e-01
4.212636623149745851e-02
