5.560286520556036866e-02
3.334779595666261670e-02
2.250948978096683345e-02
4.641280649981605749e-02
4.507409694735056011e-02
7.616077310116547983e-02
5.029090734603899188e-02
6.080529265166047248e-02
4.000184317682964341e-02
4.933532687297285252e-02
6.530506782331038651e-02
7.350826379457300885e-02
2.302712351876104457e-02
3.250168578586141999e-02
4.468871442455582543e-02
7.786988212238947493e-02
2.536171788075225475e-02
5.481945884976214406e-02
5.333712006582291137e-02
2.553162196131170125e-02
2.467290526311755050e-02
7.712957073685990095e-02
3.252868012639868051e-02
2.485485810065314952e-02
7.580752538128188167e-02
1.754629052611378359e-02
1.794619918155364660e-02
5.146159026140776499e-02
6.355713656585756932e-02
2.594800064092332020e-02
2.677574108078920392e-02
6.301693277186315445e-02
2.908958767932628975e-02
2.455794084673465494e-02
2.340183615673474549e-02
4.695692098971381012e-02
5.736937363782115135e-02
1.744839418363534206e-02
6.615668694428009089e-02
5.414881366031498722e-02
7.063308462881300043e-02
3.588301622346365405e-02
5.087910873604326728e-02
6.448983738841780611e-02
6.367815422985526053e-02
4.549816687188191350e-02
2.954296460384960715e-02
7.784888011548113385e-02
3.297321095969267535e-02
6.162446496676934893e-02
7.014506275930776358e-02
2.555157418281321299e-02
4.429904612398243707e-02
5.002822976801592214e-02
6.729347055616136108e-02
3.638414007734983718e-02
5.055970489806722867e-02
3.038946775376344389e-02
3.782702057329664219e-02
6.369425278845583516e-02
7.690032481182532131e-02
7.129609041185742957e-02
7.471964138346415263e-02
3.168319922132029065e-02
3.958493536908437582e-02
2.494856348169550292e-02
6.606028653223389169e-02
3.786162456601553650e-02
7.568820035535078761e-02
5.488445716662897905e-02
6.987055731144056758e-02
2.497483614801549595e-02
6.842162598071771518e-02
1.661236878533374137e-02
4.713036878124150786e-02
5.313583555933771435e-02
7.721548011968536185e-02
7.975996536796209346e-02
7.566401636866132430e-02
4.612244572208012983e-02
5.134724409555095626e-02
7.664398569331778988e-02
2.510789351859939178e-02
6.943415774485661718e-02
1.859423892961337837e-02
5.697548793173643628e-02
2.248273745755607900e-02
3.330439253826147916e-02
2.538505079106791879e-02
2.165624350469604054e-02
5.578956466836289263e-02
4.152733642633072569e-02
6.350887957394840688e-02
3.137086477334790485e-02
3.605871668134957159e-02
6.644430816717696031e-02
4.970437027516374368e-02
2.449156823170530600e-02
5.731704299339700909e-02
6.690231078754449445e-02
1.527764427805621689e-02
3.424348740125551099e-02
4.572089209824845013e-02
6.341874369431257930e-02
6.084182474045866929e-02
3.788125241870633764e-02
6.839294507649569532e-02
2.996861481940249483e-02
3.039706538713803433e-02
6.214452946403329486e-02
5.064627099449631881e-02
7.561425835368440485e-02
4.302172283224157956e-02
2.816180206573817152e-02
1.788431656376028231e-02
3.878860670540689587e-02
3.014286385944811228e-02
1.747474085691677614e-02
4.179639529612209220e-02
2.998915393500481072e-02
7.165516222225259968e-02
6.622004244420548469e-02
4.651840764791819599e-02
5.676013052058934139e-02
1.522947002880083341e-02
7.530396087153679030e-02
6.104927089690106307e-02
4.732425125580321662e-02
6.547031870440631063e-02
2.072585919924046713e-02
2.111882502974452708e-02
1.509680032368361860e-02
1.864337136556150354e-02
3.788340015771826663e-02
7.703853510860675380e-02
6.054481602836273707e-02
4.271957503021418107e-02
5.704106076828653615e-02
4.453282403614830520e-02
7.200209167179898173e-02
2.677655677622549357e-02
7.225736309878676156e-02
3.569858573244545641e-02
3.912495900341506072e-02
7.514504464455054600e-02
7.538753806809750380e-02
7.720085852627418810e-02
6.862463822988552897e-02
3.784439451766218737e-02
7.774928254235405345e-02
5.929790836496382639e-02
3.921613273829026303e-02
7.567511955357432429e-02
4.115345846928054191e-02
3.395989577579575092e-02
7.697520623182732558e-02
4.912765807973135807e-02
6.058651131425270286e-02
7.506649836483866856e-02
5.715020467846378821e-02
1.609530631977830126e-02
5.843846434579444415e-02
7.159144901009148465e-02
3.229561221078770805e-02
7.489873863888293903e-02
3.096583136113843435e-02
6.538266612837528857e-02
5.747109472016641990e-02
3.405548200485209592e-02
2.018206054963966184e-02
7.670037241749423640e-02
3.641445875366518953e-02
2.478103376410688979e-02
2.965853201385952598e-02
7.570089980909142091e-02
1.598064783696879348e-02
3.925068506633287713e-02
7.106042127032882738e-02
4.174001223184534148e-02
6.759669019679379054e-02
4.229595467068850145e-02
6.233945300856929411e-02
6.471032023685717449e-02
5.958112754615196155e-02
2.989780917160546336e-02
7.122834229090244107e-02
2.744437608493661279e-02
4.798230001689041124e-02
3.107896639472791656e-02
7.845334891006770783e-02
3.995802011710505169e-02
3.971566601864202906e-02
4.330526667785856987e-02
5.700815050928818850e-02
7.356370731698463894e-02
3.014114368640663510e-02
5.882940838028265923e-02
7.963858798283995899e-02
3.541651611357807261e-02
3.129832036679983109e-02
