4.002433458343673811e-02
4.037848894431067537e-02
4.675874441784456936e-02
1.614943986749045254e-02
1.695241225006878863e-02
5.535402742728786490e-02
6.047228012114854584e-02
3.039016753442861860e-02
6.132027240373661564e-02
4.587817455903983599e-02
3.979181116221029713e-02
6.744711255057031507e-02
5.526351161855957289e-02
5.238377895004831669e-02
3.453504785641223207e-02
3.476806528443193711e-02
1.893892827745079221e-02
5.400574921458577843e-02
7.232755218453743029e-02
1.727688379903976473e-02
3.286216825498480820e-02
5.502868368511853320e-02
5.951567012424893027e-02
3.126482878674684274e-02
6.565581170177792192e-02
3.432860827349992761e-02
4.373803987012478411e-02
7.330276135279448213e-02
6.786671881069300527e-02
2.886665283138950197e-02
4.935792956555199590e-02
6.927824531445989087e-02
6.258730251776342679e-02
5.149636955982190428e-02
4.167727292003366169e-02
5.136259347956394911e-02
2.873814968032488773e-02
3.842986541252672167e-02
4.431190419162035071e-02
4.954618495093248559e-02
2.158945222301290531e-02
5.358916972897719705e-02
2.397602556588794565e-02
4.414395349595430507e-02
6.220484370406029195e-02
5.990590476771254225e-02
2.171671874290561147e-02
5.187101700926239484e-02
3.895921119116467490e-02
2.876771393375462949e-02
