-4.898239181696168940e-03
9.064980364882672947e-03
1.798942661337374682e+00
2.081265841959824670e+00
-9.599625010687535820e-01
-8.480399705538194111e-01
-4.612843138028312195e-02
-6.164298329572317492e-01
-1.480086363109688330e+00
-1.489479053127380714e+00
-1.708168089069448614e+00
4.237188628071397734e-01
-1.163346733697952218e-01
3.379061253933969833e-01
-1.783129143071782385e+00
-9.544221760962037227e-01
7.294594388252554351e-01
-1.503825351660378340e-01
2.329147957145849102e+00
-1.062391778523679164e+00
-3.726877623782248183e-01
-1.103391165967309157e-01
4.183560301806087817e-02
3.406703388605053506e-01
7.223916912001283885e-02
-5.114914605619955701e-01
-8.378165028965313121e-01
-8.816518295809303574e-01
-1.176918744192227972e+00
-1.317821989522574011e+00
-3.489483531722957221e-01
-9.152160198030863114e-01
3.476398464976199199e-02
-2.033845239386141146e-01
8.138593491470681451e-01
-5.573711625913859713e-01
-6.921569153757309856e-01
-1.815162898098698907e-01
-1.277571849822398242e+00
5.496444993769122878e-01
1.136652020669912888e+00
8.263850832208420594e-02
-8.678352057831737465e-01
2.782026004042914558e-01
-1.469747892023340663e+00
-1.721001962026470045e+00
1.052987091220567661e+00
7.873255030547026134e-01
-1.431250882260432622e+00
2.601655755199906994e-01
9.717659400201438258e-01
-1.071247473820702956e+00
-6.593174141061204363e-01
-2.379110246910458581e+00
-1.856155066701848932e+00
-2.392587922871701744e-01
2.965686441789279204e-01
3.384813846833011342e-01
4.431475190279718368e-01
6.532764422223588108e-01
-7.316293835227435371e-01
-1.256199851320750405e+00
-2.323375241405823202e-02
-3.239194518654532895e-01
-4.496631668317457864e-01
3.419882875054318094e-01
-1.180996301252804859e+00
-2.809446958360772850e-01
-6.271434416868302275e-01
-3.824867147650174576e-02
-7.674559705352855532e-02
-1.123102745367273059e+00
1.142168898161409762e+00
-4.828207810401663469e-01
4.876411676493311864e-01
-3.926070302384772615e-01
6.747300104426188216e-01
-2.148974019068014663e+00
-4.636114578238557105e-01
-1.103586396605412023e+00
-3.124353784878066143e-01
-8.767187063466054531e-02
2.075240254758359715e+00
5.125160868141473980e-01
5.115440652840785862e-01
-3.032943128108496200e-01
6.502866631116105411e-01
6.794676898775925400e-01
5.681803383104238048e-01
-8.100642939997916292e-01
9.758386863627930286e-01
3.335962224725568803e-01
-3.054529143822975468e-01
9.999114413617787855e-01
8.832138488264765774e-01
1.678542020340897389e+00
-1.163527066082649331e+00
-1.021813436159546784e+00
8.330211487012457727e-01
1.014070683344209911e+00
-1.141631015231856949e+00
-6.993161420159327291e-01
2.262732894437337050e-01
1.529256013318040786e-01
-1.374652426452765752e+00
-2.351396462160501244e+00
6.902884436058506212e-01
9.018146198095481347e-01
-1.600828339668530331e+00
-4.062385155519729341e-01
-1.361665808954956869e-01
3.595236702572946474e-01
5.641609789827373156e-01
8.828574378567502490e-02
2.487017838938295089e+00
-1.970295148632712712e+00
4.905422222639448382e-01
4.301938244281118817e-01
-2.591322884126088730e-02
7.012083561320326952e-01
2.139788314728306717e-01
-5.827226685158661823e-01
1.473258910766910512e+00
1.672466546769765694e+00
5.237279035789622617e-01
9.941614659389775843e-01
2.438095364663250830e-01
9.393198248992465915e-01
-1.641222400922514452e-02
-9.785859061396593450e-01
9.585809891760941337e-01
-1.478729444079402100e+00
3.066592580787527167e-01
2.204944595391401529e-01
9.942930389966663229e-01
-1.135049675779286282e+00
9.472921406829374336e-01
2.185926744786935091e-02
-6.279108639122263913e-01
1.271442206741693892e-01
1.353967250638282049e+00
-3.095913161746636777e-01
-5.698764366670817649e-01
1.233893185055395803e+00
9.097700878587338114e-01
1.055444902073055857e+00
-8.490169525877527823e-03
-3.197888406720560406e-01
-4.896212958707234497e-01
-1.240508272094378750e+00
7.737818248117369624e-01
-9.872960739291617438e-01
5.060335715259873801e-01
1.769755384342177162e+00
-2.539874076713591888e-01
9.939955535964776212e-01
1.613959821614630308e-01
-4.967391365005547899e-01
-5.586655138594684988e-01
8.503912973127952801e-02
-2.060637373692284502e-01
4.061689719344026006e-01
-6.154866192939161262e-01
-1.359692918007834095e+00
1.353341044767419454e+00
-1.433246829830143454e-01
1.968676531111511474e-01
9.379162350830393402e-01
-7.953064656055419679e-01
2.313072232255119154e+00
-6.248756454976282099e-02
-5.056895773643268477e-01
1.396258461067883538e-01
1.054070726241348233e+00
1.009675059210523446e-02
2.092541001044280424e+00
-1.666003576886996740e+00
-1.129546116254182664e+00
-1.272530868005078641e+00
1.732323996617029627e+00
-1.778769568462235107e+00
-4.215519763728570735e-01
3.115290823418798705e-01
-7.588553931544421705e-01
-6.213532323646663302e-01
3.621489999292601958e-01
3.400638801258162314e-01
-1.308943056123189175e+00
-1.172095155862175497e+00
3.435541749264264810e-01
-1.093292668983142146e+00
9.290585178226831164e-01
-3.655730330873588341e-01
-8.088821595258043340e-01
-4.225518395704514485e-01
8.778705817790762034e-02
-1.178447560585770049e+00
-1.263909971620594597e+00
-6.751658010352018513e-01
1.310735356488326397e+00
1.171275806245572759e-01
1.035217045192595720e-01
1.053915232264630131e+00
1.466428570117334296e+00
1.936983557519648347e+00
-4.439505949660022543e-01
1.177996276953672705e+00
2.761735054685620638e-01
1.404891455113387533e+00
-2.280519568191838431e+00
-7.342195134413876945e-01
1.014443249791049800e-01
2.293541437527338189e+00
2.500206960468433215e-02
-3.898342166691107225e-01
1.041037149523819094e+00
4.102147575497259169e-01
1.041603451770486854e+00
-5.480635917357133957e-01
-2.886326594850471272e-01
-6.163583806013609445e-01
-5.748308237075500093e-01
-6.238513613480828335e-01
4.016620474434196009e-01
5.031456395176807650e-01
6.463151220389738993e-01
2.546932441845976003e-01
-5.202791673107222126e-01
1.120576670341911996e+00
-7.941899617431000813e-01
1.761726579088680467e-01
4.339459970735131122e-01
2.474290723816073290e-01
3.660565443593609136e-01
-3.667956238232978894e-01
7.822452662761002484e-01
6.233209609691138242e-01
7.362042004939829687e-02
-1.723408566603128023e+00
-7.575712497072081830e-02
-6.888786555095182118e-01
7.796171300050969144e-01
-1.218950358290220803e+00
5.188102302706734115e-01
-2.270473576030733742e-01
-2.769041515282706922e-01
1.396182074873348000e+00
1.354883703578275478e+00
1.804774255444847819e+00
-1.991810994778389965e+00
-2.117028319524372759e-01
-1.248075296468367235e+00
1.032543040442416515e+00
-3.815648509778723496e-01
-2.567628652238583831e-01
-2.060551675266260929e+00
2.335927848212884239e-01
-4.038624720201104412e-01
-4.600672739052351634e-01
-6.570196538441192002e-01
-1.780865221026439960e+00
1.499996685232886096e+00
-9.721997779499729209e-01
-7.221714246512616064e-01
1.956249155631519798e+00
-8.150294161955746741e-01
8.346858175571858496e-01
-3.206732341361130390e-01
-2.471392555131162183e-01
-8.532601410110265960e-02
4.591776908175463356e-01
1.941376420622306295e-02
-1.298556912124567031e+00
5.885917199636022668e-01
-9.608337702556642990e-01
1.057803748790734799e+00
6.490633162327261729e-01
1.580774412429017062e+00
6.581572994479610861e-01
-9.996396104300508956e-02
-2.799008576927932146e-01
-3.083505814510546436e-02
-1.621523174262666234e-01
-6.743182758629262530e-01
1.045620219443280874e+00
6.279698508288082959e-01
1.137288075811684118e+00
2.003053582375232955e-01
-6.895533245051894689e-01
1.316870597807953402e-01
-3.023166092302904118e-01
-1.661758640316015334e-01
-1.225221557881127188e+00
3.952672005751057815e-01
-1.460791853956319997e-01
-3.314200447264041283e-01
6.917249768067940119e-01
-1.879036896614604546e-01
-8.520547506213888012e-01
-3.886407777634238725e-01
6.309378117637373107e-01
1.667154483292975664e+00
5.130036766918493613e-02
9.663585601669995029e-01
-2.958958031730051126e-03
1.154785165589391926e+00
-1.168824534914410851e+00
7.397814113280524184e-01
1.855583316121264925e+00
1.287083246565938310e+00
4.286721600786926323e-01
3.495458222911232427e-01
-4.041189278399746621e-01
-1.300291749260212404e+00
-5.593360972964576128e-01
1.167300349607849896e-01
3.276296019402410303e-02
8.689896019804331795e-01
8.295553732944057623e-01
-7.566765214361700354e-01
-7.195323301862578680e-02
2.178986658958740552e+00
-6.365260858419979906e-02
1.705454924069656153e+00
-2.851315396198212060e+00
-4.414075787710969312e-01
-1.315537345492901355e+00
-1.064778097732923312e+00
8.566559413020751190e-01
-1.229374553892595978e+00
1.163633614036475583e+00
-1.785046154575198052e-01
-5.240745516150119299e-01
5.647008044884447298e-01
-9.945683745644303686e-01
6.854033047058746275e-01
1.267044074171916890e+00
-8.803060516216824893e-02
8.184344898694684289e-01
-4.702497241214392276e-01
-1.346153773563887768e+00
5.084721101583836722e-01
1.830172825324055008e+00
2.062359688011688785e+00
-6.849291963033787844e-01
1.241916601979055512e+00
8.943966010448455295e-01
-5.940249618194510806e-01
-3.559852760780675140e+00
-2.972157196761787690e-01
-1.008863866436171985e+00
6.691410072616979510e-02
-7.823426193134529472e-01
-1.140555726950576609e+00
9.839138045881361538e-01
-3.460905486599720193e-01
6.704222873312503106e-01
4.010148397130650078e-01
3.116600422986405272e-01
1.185376934168814067e+00
-7.266399336697542122e-01
1.132704252070016349e+00
-8.080948818279729551e-01
2.848527093214428429e+00
4.250685529582854949e-01
-6.628463942518350027e-01
-9.370766435381516768e-01
-4.166758186169018940e-01
6.302582296685462770e-01
-1.160752398087785631e+00
-1.651924641388264448e+00
9.301298394118803214e-01
-5.513213951379681843e-01
1.283519545181920796e+00
-1.252152605513489281e+00
4.436669923426540540e-01
2.719802827673515333e-01
-5.520196132238939235e-01
-1.309071345085571103e+00
-6.133439185869749011e-01
-1.176584456602087325e+00
5.561243560184968571e-01
8.507986276311617635e-01
3.189508817564666310e-01
1.667768346662737100e+00
-1.414836362556227245e+00
-1.855337786487698315e+00
-4.037454191709716755e-01
-1.431757734300080909e+00
9.879795476141929322e-01
-3.507510419340360563e-01
1.108342687596821863e+00
9.050030077836836995e-01
-1.399813331102581736e-02
2.392876712933882447e-02
-1.039196118930431290e+00
9.104795264034534763e-02
-7.593054973833089916e-01
2.184986120890892725e+00
1.020270740440988533e+00
-7.654506899631197125e-01
2.982649323971894861e-01
1.435109581464284023e+00
7.463752006462471833e-01
4.047605703726059878e-01
-1.392155609973272090e-01
-6.256077606487184806e-01
8.146768965516042460e-01
6.076896620715779296e-01
-2.368665422463876347e+00
8.266657833539947653e-01
7.887060175259588135e-01
-1.471480668717487061e+00
-1.599504606098369752e-01
7.148718566914655792e-01
-9.827722106575401684e-01
1.098392572361165609e+00
-3.007714162880203990e-01
-9.508691892311715854e-01
1.286290108342283300e+00
4.313792148355253819e-01
2.547335285005764560e-01
2.372755269884350635e-02
2.123052659962154642e-01
-1.228554777595211285e-03
-6.364632100077241006e-01
-3.093963500180407777e-01
-1.271019535883745499e+00
-9.192493164593059651e-01
9.689585029697197482e-01
1.770545431291864480e+00
7.684428936576986890e-01
6.538847785266206358e-01
9.829092576510027879e-01
1.782765380081101358e-01
1.466710021806719340e-02
-4.147070376279518022e-01
-1.657512561191671896e+00
2.188384261486941429e-01
6.169967964953421147e-02
-2.431752036265564798e-01
-5.672651428612462965e-01
8.524377273872693062e-01
1.961347961107226534e-01
1.080970211636371525e+00
-5.927049448239224416e-01
1.342628567616172441e+00
1.848333780169730545e-01
-4.174201595278714261e-01
1.991104319083250473e+00
7.093760066950209886e-01
-1.435687453165184868e+00
-9.693174124407111236e-01
-5.348918063102555687e-01
1.234292207394130703e+00
-1.530087004504418480e-01
1.415396236506311523e+00
1.758300779326625041e-01
-6.590805179719236850e-01
-4.619545731112006948e-01
-1.397958908208268625e+00
-6.270942445804356113e-02
-5.153329867856871749e-01
6.377926186319334834e-01
7.712835146779227768e-01
6.816234609295116487e-01
-1.166690183840110695e+00
-8.158195559061480751e-01
-8.439482358002940998e-01
-5.079382238261023197e-01
-2.013610038700118510e-01
-5.882806647842107051e-01
-6.447256170263906405e-01
8.054451639661497353e-01
-1.421211718806151714e+00
1.050490340553108526e+00
-1.183459173666133596e-01
5.068074675268310902e-02
-1.463317778682778236e+00
-2.663702244088514415e-01
-1.064041913132409700e+00
4.442835603451826265e-01
1.093045282009926567e+00
2.149304226279543859e-02
5.634125050108704791e-01
4.932410520767598339e-01
-1.991210136606655634e-01
-3.770966142297907386e-01
3.642629743107276274e-01
4.354516963988213085e-01
-8.631196010593537860e-02
-2.015016445101921239e+00
4.444378001477091167e-01
2.057283696505630033e+00
7.079731212423990838e-01
7.019927968204986435e-01
-7.298552947621050890e-01
4.844422895035618848e-01
-7.993134734073042980e-01
-1.982893333365018940e+00
-7.202864561323795156e-01
-3.928260372485860019e-01
-8.322787775228659424e-01
1.444465941216315219e-01
-8.343077957039924941e-01
2.080416626382236345e+00
8.501186893629435470e-01
1.544033167179488242e-01
-9.121622817647212500e-01
-7.307988349524020544e-01
3.259962824458261660e-02
-5.670425051943718264e-01
-5.742219021627398279e-01
2.174373929719195520e-01
7.015170242604799045e-01
-1.560589155498434966e-01
8.309037216788771607e-01
-1.517307714409730002e+00
3.837812580865496148e-01
-5.818694608984499306e-01
6.295399492493217730e-01
-3.352875607837718652e-02
-1.143575597469886462e+00
-4.435597591882509128e-01
1.896244727615491676e+00
7.569962799788936270e-01
3.853836286186722138e+00
7.834317158716207208e-03
-1.239414702362014120e+00
4.585325026254992165e-01
1.424104277675909191e+00
7.021960405628135948e-01
-3.174740822645704535e-02
4.686753213780543992e-01
-1.297995008959545338e+00
-7.954266073771125711e-01
-9.193800435081610489e-01
7.350845541276050943e-01
6.157894956507851125e-01
-3.942761652366134073e-01
-1.634122862065199966e+00
1.478667133146717959e-02
-1.368258837826718533e-01
-5.045356899294191066e-01
-1.124878587402556862e-01
-8.990802941425335426e-01
6.782418336140803028e-01
-1.516186071541262725e+00
-5.780449378129336457e-01
-1.162349395160938714e+00
7.456032039531268474e-02
8.142650229919674576e-01
-2.542154516812472065e-01
-9.803957530873497195e-02
3.209759518489201380e-01
-2.946592665042146453e-01
-4.856896237009813294e-02
-1.759965049973796769e-01
-6.172826444700908466e-01
-8.734036974925595276e-01
-1.503963733489054599e-01
-3.552443208596657853e-01
9.882433564961176087e-01
-9.756289612535218314e-02
-4.068780141430023423e-01
-8.169082921862281799e-01
1.382104007164225434e-01
-8.792201143249489537e-01
-1.023563520446530428e-01
-1.204937343433260810e-01
-4.583155338766671250e-01
-2.366858088285229478e+00
-2.450908853068355653e-01
-4.871683464683845832e-01
1.059538419981022050e+00
1.845803182278862753e+00
-3.964801583951504949e-02
1.840126734938324793e+00
1.124884602453333882e+00
9.784795393718334067e-01
-1.110417902188144623e+00
-9.086831233631417204e-01
-7.620135925073591165e-01
4.535365187586677949e-01
-5.947165633489065462e-01
2.623237140800716571e-01
3.953100583310863447e-01
5.623359524577811186e-01
-4.331010351637799016e-01
8.442131012357989572e-01
3.842539812797504117e-01
3.787869666569851357e-02
-6.231705439097554727e-02
-3.354665919607041080e-01
1.272673846851147372e+00
-8.585255790574539692e-01
-5.050326067976333988e-01
-1.342589508542871624e+00
1.191719017783114065e+00
1.882195531301672276e+00
-6.864532172172099767e-01
-8.596082985247637254e-01
1.436237439453093456e+00
-3.957891338410980397e-01
2.420934549765282329e-01
-2.984944777791845999e-02
-1.794532371394647052e+00
3.033113428193976446e-01
-1.111427956116659357e-02
-1.068413172666919930e+00
-1.042368004637674733e-01
-3.211281706339123021e-01
-2.026690529449537703e-01
-1.654798396281817741e-01
-6.865628627874843515e-01
1.940186764315460000e+00
-2.013811176280928983e+00
-8.427650271519335767e-01
-1.362519767347640243e-01
-1.804098970394928392e+00
-6.709817741865943264e-01
1.271209047394937564e+00
2.547261292098926821e-01
8.478432535309484708e-01
1.407406927603538360e+00
7.878349626994042287e-01
1.713777507562565250e-01
-1.426887441988253236e-01
-1.736588695024923634e+00
1.375917812270758489e+00
-1.218072715965587527e+00
1.670664853749775358e-01
1.221377675135321139e+00
1.177949640781042806e+00
4.692645277368147072e-01
9.979970516588430873e-02
5.758962210216330702e-01
5.523171320787894079e-01
-1.846206248290162000e+00
1.333261572361805980e+00
-6.410281840266673914e-01
-3.283332600765154763e-01
-1.159172718710463901e+00
-9.367587028477624145e-01
-1.194787328941571802e+00
-3.618639870629011934e+00
8.628803142180633268e-01
-1.484700488741507618e+00
1.602306902918413600e+00
-1.032609007471479323e+00
4.051819582118625918e-01
6.736840681503046824e-01
-1.140513744926766160e+00
-5.742304117699273958e-01
-2.519464841567449209e-01
5.147759721067032279e-01
1.267106007059488393e+00
-1.291293457629624442e+00
-2.104868611914402887e+00
2.048225165095954203e+00
-2.517967000678145717e-01
-9.130049947386221776e-01
-8.683753237517759516e-01
-8.193880123546741778e-01
2.328753769528655038e-01
1.310689068983931227e+00
-3.620808988165449827e-01
1.957382972409494659e+00
4.527840202855863971e-01
4.813795695973712152e-01
-3.699770134625822715e-01
2.194359306932794240e+00
3.679029270660553741e-01
-5.633064285615780875e-01
2.217736431333247715e+00
3.166172591433165373e-02
2.318632124679105733e+00
-2.827203053134794489e-02
-1.088173732476186428e+00
-1.980929381154345359e+00
8.669715160163800061e-01
9.712012636370345176e-01
1.306047887810588282e-01
-3.323246704571609644e-01
9.917127760002167891e-01
-7.611145825028011770e-03
5.375782869168375111e-01
-7.934228787024746321e-01
-1.189390372109150773e+00
-1.233674220355723383e+00
-4.169911723766428491e-02
1.839148760575871899e-01
-8.909023885986327995e-01
-2.210874531912909280e+00
-6.582012530447325371e-01
4.756224906753235837e-01
1.707589430908692807e-01
-8.964439680495907004e-01
7.027635658966217003e-01
-9.687298410980571539e-01
-8.964056936753943550e-01
1.332965475795710120e+00
1.590280495761835722e+00
-3.655116761994053887e-01
-1.169726280320066092e+00
-3.419629615046184123e-01
-7.022863006305879452e-01
-6.533691821807141586e-01
-2.457391698320738616e-01
-1.076125061999957833e+00
-8.066533531678312663e-01
8.208955117778495847e-01
1.129917749906079072e+00
-3.165331246296101964e-01
8.652137904024167492e-01
-6.611217947172671749e-01
-3.298158797453579205e-01
-5.554736959496652249e-01
1.143807644783656929e+00
1.564336047133275232e+00
4.703986514613126696e-02
1.174083155537757328e+00
1.762496368333847263e+00
-1.363597784438236316e-01
2.447460853050837937e+00
5.272186591705658731e-01
6.697531333226939276e-01
5.909912574960430875e-01
1.251967625903766645e+00
7.116928859270482688e-02
-1.691986323825674654e-01
1.109894832538345782e-01
-3.708185038657997867e-01
2.853121424119313687e-01
-8.857159939748183719e-01
1.171203626463172887e+00
4.594719596961184815e-01
7.060245916875208527e-01
-2.683601992698944616e-01
-1.078530866140324118e+00
1.249151497932007970e+00
-6.787951115512733669e-01
3.252157104859255271e-02
-1.025912489749978507e+00
-2.089093286154172446e+00
-4.857988486140282225e-01
-2.419790303615916918e-02
1.254597577627532878e+00
-5.498543532848724213e-01
-1.442830620052431456e+00
-3.157410675170301689e-02
1.747591599614867652e+00
2.002657181367012207e+00
-1.031397872574631558e+00
-3.875092902387335947e-01
1.613623548270280317e+00
1.208869307637128188e+00
-1.524231509654671024e+00
3.429425792654495764e-01
5.839767045746057095e-01
6.170047060765406766e-01
-1.258363488885885229e+00
9.812880263322073526e-01
1.086962861123624391e+00
3.093678224824733536e-01
1.092243216645387011e-01
-1.960329448171496569e+00
-1.287942245089298998e+00
2.005686408728534431e+00
-2.735536422633680687e+00
-8.207505182497341067e-01
5.703582671262183990e-01
1.580028641650632393e+00
-6.193648638224708014e-01
-2.393216656099850792e-01
-1.013626072648885712e+00
-1.436155512278030066e+00
2.005801087946602335e-01
-1.267631068579979092e-01
-1.150775082573432195e+00
1.419762532346899198e+00
1.603124538283409395e+00
-5.596325908544474981e-01
-1.720227106730392475e+00
-7.705048399196690045e-01
3.590178689820873181e-01
-1.466888559024559224e-01
1.518807936015474480e+00
-1.577319675708439783e+00
2.734308885670679867e-01
-4.297569554642442502e-01
-1.724969283794582031e+00
1.713840192056765632e+00
-1.020980150272261244e-01
1.879358690681593724e-01
1.425915234552944666e+00
1.173770913593740861e+00
-2.148057123479072197e-02
-8.934888465625474563e-01
1.306219983834542742e+00
1.800256919486889373e+00
1.029343715011871607e+00
7.783989662042938018e-02
-3.870074243806164715e-01
2.250733346281641456e+00
4.109196153074841096e-01
-1.127173596522040855e+00
2.138696888863216294e+00
1.102919429843258081e+00
3.433261641684008936e-01
-1.545818622695240618e+00
-8.578135396945081315e-01
-7.382782582734011001e-01
-1.011154746141790017e+00
-4.650586557043153157e-01
4.976741465240505646e-01
-4.131234228225466043e-01
1.253477325314915847e+00
-1.064295498445825938e+00
8.559699588754646760e-01
1.102534746028413087e-01
-9.966629532647596212e-01
-5.017569152649089537e-01
-1.295332745695805809e-01
-7.768485465723450334e-01
4.095801307412095249e-01
-1.017125820128589458e-01
4.915003434098763613e-01
-1.715479771126364739e+00
-3.856194264962984897e-01
-4.236961590783903664e-01
3.130035582154297447e-01
7.042962621593156225e-01
3.520354681773832373e-01
-2.713737297651641622e-01
-2.844155752632779866e-01
8.447858419880582836e-01
-1.475684379786099010e+00
-9.950373320211808315e-01
1.476833022165160714e-01
8.945236307685364707e-01
-1.379587036066842465e-01
6.088870965396481205e-01
-6.027691650471990181e-01
-2.504518374360690802e-01
-2.769283929738805897e-02
1.432574525703406376e+00
-1.998022332472237650e-01
-7.208865741840615460e-01
-2.035189914910363329e-01
-1.711343185958707824e+00
-1.859585352585029494e-01
2.476176080590293815e-01
1.518975306052836816e+00
-3.941456311285114200e-01
-2.927589696633886018e-01
-4.453356741847831479e-01
-4.469727051250499406e-02
-1.124068646248127301e+00
3.040856049117260707e+00
3.622150723418898766e-01
-2.417072309940647035e+00
-2.517556091140812913e-01
-6.743656211743505047e-01
-1.119199933011974624e+00
-4.123780610564954374e-01
-8.666417475635741496e-01
-1.494932325445834098e-01
-8.207673728407351987e-01
-9.220743342220311112e-01
7.732430024675256419e-01
-8.926681755564598308e-01
-1.267476182264853646e-01
1.554040978171533638e+00
1.513943340031821183e+00
-3.251428547636773803e-01
-7.662050198509008370e-01
2.533362075566260585e-01
-1.417056996655639889e+00
2.846280569613975353e-01
-6.701171589780539062e-01
-2.569729463545221138e-01
1.178151146106875213e+00
-4.958900926898323069e-01
-9.371469980668623023e-01
-1.087086334783156527e+00
1.279090789292969932e+00
-9.856845085510180793e-01
1.527094750875610973e+00
-1.017378072479757645e+00
7.051082257113779894e-01
6.183774443434881807e-01
4.737525726349626209e-01
4.518953810905429469e-01
-1.003529713802935097e+00
-5.141509593630311237e-01
-4.079119163425618533e-01
7.206876900737813063e-01
-1.545215489114666108e+00
3.881201236703303858e-01
8.174456172004602728e-01
-2.891768728974291047e-01
2.641012683039501430e-01
9.120918861431225322e-01
8.423161862212694695e-01
3.355510871647137128e-01
-4.714079188080628757e-01
-6.745834117287116127e-01
-2.933163623736334102e+00
4.462602538833175814e-01
-6.164507787969136787e-01
8.452810728910455929e-01
7.976183290909408807e-01
-1.227350902426404211e+00
4.149156068663045760e-01
-6.661171530875232838e-01
-8.608507832819755068e-01
8.795211698197089589e-01
3.709519572099316820e-01
8.962249043637274815e-01
1.050415451255737098e+00
-2.249365463958034328e-01
-4.944603456300708522e-01
6.537157076367463571e-01
1.184000572268494533e+00
-9.958733820617457488e-02
-9.580446352477201000e-01
1.067927888967667549e+00
-2.725380633678505582e+00
4.565249044613654550e-01
6.516084177979221126e-01
-9.791770597988090907e-01
3.077957684522216186e-01
-5.341103990470883467e-01
1.016434486270759940e+00
1.301904310045755853e-01
3.064265903263814761e-01
4.780246890554917805e-01
1.457077361331472476e-01
1.672909210556597914e+00
9.891279147095555224e-01
-1.361467088349444632e+00
-3.563798558608701796e-03
2.857212081387300873e-01
2.071192828995028767e-01
-1.419839497849499643e-01
-1.572413948151928142e+00
1.202222021916344197e+00
5.042460755656654747e-01
1.068714981224456739e+00
9.358415957728023482e-01
-2.650533294888497426e-01
-2.899507331846521430e-01
1.961228207483286246e-01
1.029746271895676246e+00
2.275572131682068733e+00
1.152204720168204855e+00
-1.023628314427838415e+00
-1.736870211507674233e-01
-2.152424852733317295e-01
7.395619618341831014e-01
-3.176300767043022666e-01
9.857768064998224666e-01
2.711530969865752483e-01
-2.711345542177950207e+00
-5.374616962721353586e-01
6.038037443340821264e-01
-5.084723218665825328e-01
-2.669564637776272731e-01
1.130650066220199035e+00
-8.565362023912306277e-01
8.110708427272502741e-01
7.171397507560151041e-01
2.009309063391337968e-01
-1.076440688209664653e+00
-1.560965044920340494e+00
3.155959869822995700e-01
1.073018862628595249e+00
-1.288566628281695436e+00
8.552189662144642490e-01
-3.332155980623330849e-01
5.898648881353606432e-01
-3.366798393129230016e-01
-1.234847229973555116e+00
1.407241989645497737e+00
1.518275548370392913e+00
-7.921240690176037935e-01
4.597734793229779626e-01
4.675561076001318317e-01
-6.597763594631170792e-01
3.057552601320898678e-01
-2.530730740888750940e+00
4.149530392831615178e-01
2.690187403752890560e-01
3.257776517264222571e-01
-7.066096967390577133e-01
4.434674264700508850e-01
-2.167161709625993193e+00
1.111132831724314984e+00
9.120017950226172454e-01
