6.615175422854188692e-02
1.158199569325783385e+00
-1.978510687597908602e+00
6.951545125602714981e-01
1.342109652960760957e-01
2.373448023861361111e+00
-1.119230250984439845e+00
-4.534099092941776959e-02
-7.692034171762360817e-01
-7.568800160001920574e-01
-7.852835495208070338e-01
-1.301875070164961179e-01
-6.017675054181842453e-01
-1.377510355689584021e+00
5.103075291415253290e-01
7.391031569341072194e-02
-1.349454091973680825e-01
1.215388752372139392e+00
-8.768078220687679503e-01
-8.496559228987123069e-02
4.133869761087546335e-01
-1.464199183589619313e+00
9.989294705000058006e-01
6.327704035664938331e-01
-3.033322553284916179e+00
6.864991670769631238e-01
-5.336327479191791401e-01
8.398171833500488181e-02
-9.979005890141302570e-01
3.309245672172571040e-01
5.976900607798129039e-01
-2.205150249116448524e+00
2.080566410666844668e+00
-4.743304736840119329e-01
-8.161548740953047387e-01
3.578961426885228780e-01
8.292473925326113715e-01
2.085221882231631962e+00
-1.634454076745099627e-01
1.633059575691285570e+00
-1.925533501914610257e-01
1.867858516834027260e-01
1.435826536882222504e+00
2.281099671295630849e+00
-1.683718499383578537e+00
1.233633109493095931e-01
-9.085321322382875486e-01
-1.205343178903001133e+00
-1.887963719281477160e-01
-3.361389090970288707e-01
8.426786166976965031e-01
1.301926342369166711e+00
4.025998031217264406e-01
-1.867879879725989234e+00
-3.046411470770942764e-01
4.706759307817549587e-01
2.969479615430068997e-01
-6.345237402577676156e-02
-4.258460982543030293e-02
-1.510924584876087939e+00
-7.371311852424681232e-01
1.028578456012539943e+00
7.197509346559899379e-01
1.118748577916844678e+00
9.655261441486112650e-01
9.014661027908491553e-01
4.190201239587762472e-01
4.311827032027210072e-01
2.520153026329518209e+00
-5.433419503271418316e-01
-9.965688690608321965e-01
-6.226760137818199148e-01
-1.034542295671316614e+00
9.068259812545822474e-01
-6.694504571265400550e-01
3.049058585964683696e-02
-2.528331251345597441e-01
-1.754067393197504376e+00
1.698113034112693986e+00
2.415702887174886113e-02
1.657202176993202603e+00
2.014842121468368941e+00
1.009886209997588935e+00
2.851816595544214294e-01
3.139625981853436665e-01
1.270897735837052345e+00
7.058441419128772543e-01
4.728089076913361000e-01
-2.611540079673008385e+00
3.854866168776892588e-01
-2.541007923551054648e-01
-1.877500071145777327e-01
9.704735189283905661e-02
1.606557099196459060e+00
1.287911865670580136e+00
-2.061004843470418457e+00
-8.150736707002446957e-02
2.609563013897433503e-01
-6.411245996871108854e-01
-1.980215796672873604e-02
-3.748648576304252633e-01
-7.176960941498250479e-01
8.629801113511258448e-01
5.965509774849473423e-01
-2.863247442332526926e+00
2.828035925185071187e-01
-1.050876685170649694e+00
2.043226218015779250e-01
-2.270463530785353790e+00
8.736681325731098235e-01
9.436185703414869952e-01
1.529537015054541205e-01
7.756236032883495612e-01
-3.996266338863672107e-01
3.657877153269663673e+00
6.544339036058043346e-01
-1.152344041217660431e+00
5.414289256713969989e-01
1.416914871037567414e+00
1.299561581627396656e+00
-5.360673896384903214e-01
3.209300329208397140e-01
-1.227785078470904789e+00
-1.889762015237024029e+00
-5.433020678376114798e-01
-8.975144911697884031e-02
-5.561211723661770856e-01
2.820122708275545897e-01
1.684813900440684353e+00
-1.648562464330662058e-01
4.318375538122367630e-01
1.337772787290702592e+00
1.245695566968757939e+00
-4.933235068981999261e-01
8.694356480808289322e-02
6.137003552295591247e-01
-1.827641022275132698e+00
7.955417828144156767e-01
-5.477659509799193138e-01
-4.677599590952358777e-01
-4.791312875882502986e-01
-5.661926311300334858e-01
-3.585854453027952915e-01
-1.341670773632803959e+00
1.819468137480076519e+00
5.754809156170487272e-01
1.266666676546357007e+00
1.393269614143860968e+00
-4.999494240148670207e-03
-2.181672713535985908e-01
7.189245925628581224e-01
9.694861808406092241e-01
5.497914820361557986e-01
-3.545489935141713511e-01
-1.633640972942542513e+00
-2.683898775797462499e-01
-4.996523804692684090e-01
-5.568160921914364625e-01
-8.655252010717102706e-01
-4.088936657054605406e-01
4.575548398288505347e-01
-1.969937507897941309e+00
-2.145672222850045774e-01
-7.252647464272109490e-01
4.334166770956477399e-01
-1.984215573427228207e-01
-4.082372383250884029e-01
-1.591394824651388706e+00
5.124512462913177746e-02
-6.162718933231798868e-01
1.674329282654839046e+00
9.195602354401605227e-01
-1.070578351402493356e+00
4.969397884315067127e-01
-9.122531227401866616e-01
7.397303748549486357e-01
2.461387938640574036e-01
-2.623038942367532100e-01
5.838298892461167844e-01
-3.049387090985469784e-01
1.221970034518091053e+00
1.048925253027842786e+00
6.326339622314079980e-01
-1.638922630599759289e+00
-1.035680605161525492e+00
-7.855962554772695228e-01
1.040541565894395060e+00
9.706949633113604037e-01
-8.127281957565260506e-02
-6.595801218161001511e-01
7.296409532454115054e-02
-1.147795872960244434e+00
-5.376362749215792824e-01
5.183275818759016662e-01
7.565227388321796864e-01
2.374017539078776995e+00
-1.024966370659696535e+00
-5.051221191831489765e-01
-7.108773230777203356e-01
1.244827428008228987e+00
