5.364072884925460971e-02
5.563376843891398860e-02
5.300118718460621048e-02
3.635204261083117144e-02
4.747433825979267830e-02
3.279372112881327739e-02
2.559205510427680491e-02
5.417683173181964129e-02
3.992473128750301942e-02
3.079735790821142363e-02
2.464195306737930122e-02
4.679159173349737438e-02
1.812429190016357980e-02
2.848797816259795307e-02
3.616660230890964001e-02
2.220848715698571507e-02
5.430029029471512142e-02
5.923474427802946640e-02
5.886731564037367415e-02
7.758338095772500387e-02
1.988017136836800133e-02
3.286352927417904995e-02
1.681787255772024259e-02
2.413145873968030111e-02
2.344128588439269370e-02
3.863056649228518297e-02
2.972334182753937765e-02
2.207973795461441388e-02
1.933547428287065231e-02
5.372196527590393511e-02
2.954538293008118072e-02
5.865207725853523874e-02
6.482998640762879794e-02
2.799781730929658263e-02
5.603264854579340787e-02
6.954211809409721612e-02
4.908365591960360541e-02
3.545862741390683193e-02
5.154753889555428042e-02
5.288914484484338180e-02
1.966467879790334203e-02
6.239564911626934579e-02
1.694620655502904194e-02
4.201082005518495810e-02
3.398879083999624406e-02
6.181492250242824615e-02
7.248527495435821977e-02
3.806215397815611995e-02
7.139379056576722338e-02
7.432576249368323673e-02
2.668473275036201825e-02
4.105641052489187454e-02
4.908724703666472039e-02
5.609667260911861686e-02
1.840393179469205012e-02
2.998652914565349062e-02
2.567432942832050327e-02
4.468839814286360013e-02
2.490049028350464072e-02
6.249934884763871240e-02
5.830189345280745172e-02
5.639506193099581149e-02
7.769814021858524600e-02
6.040362109919227701e-02
3.514873798715237307e-02
3.686654388385814801e-02
4.146311693598334069e-02
4.858750770140027320e-02
7.627167897697717525e-02
4.654715166358785322e-02
1.856718589516484150e-02
2.173211143822012872e-02
3.928792190168191312e-02
5.755974885151385334e-02
4.588281024220067228e-02
7.340369119764572625e-02
4.376706789100556771e-02
4.944430051578030394e-02
4.614897766715764238e-02
7.049897895866125141e-02
4.574347945680456995e-02
6.184172346636492013e-02
1.755801988822586548e-02
5.220924898578319095e-02
7.071027762604753519e-02
2.525437577708748021e-02
2.405319798128862513e-02
6.268582503055898647e-02
3.704026258120432513e-02
2.763556522088422840e-02
7.814773403684283082e-02
1.842383939001674201e-02
6.879294559268715747e-02
2.748989043924159742e-02
1.552753272807684201e-02
1.744685678339025214e-02
4.045193902222451315e-02
3.317006247717790152e-02
6.207982822365022690e-02
6.039271228883601184e-02
5.796389166684332711e-02
7.555940764592850023e-02
7.817325287901454034e-02
4.581893123590694700e-02
5.560107854668856070e-02
3.838951108829341541e-02
5.319637216288396198e-02
7.012521990188623489e-02
7.635642451466721770e-02
7.629786835560906089e-02
7.015806851723824233e-02
2.296486825958465872e-02
5.432727718424563285e-02
7.623194244284875465e-02
2.552849309195862754e-02
7.498785187244996764e-02
4.407709542895280053e-02
7.051739875452972539e-02
6.202567808769368640e-02
1.767840342395950864e-02
2.150831476582065749e-02
4.047466136803115622e-02
6.364492106674471406e-02
2.399067365833969234e-02
3.677225540327352937e-02
7.604990873270225937e-02
3.741160695542075643e-02
3.251849075873110284e-02
6.579345415725634805e-02
7.050820441582972276e-02
3.842306130852847501e-02
2.036587336407937737e-02
5.656040720579812858e-02
4.741218161478119586e-02
7.895189594520331255e-02
2.816062557368072261e-02
2.146115690829039635e-02
7.330395460418631659e-02
2.394172776170057013e-02
5.075945315839223981e-02
7.042522193535957764e-02
4.447619320616101601e-02
7.429612341780067464e-02
6.036674930561624491e-02
1.880790821770765217e-02
2.651169123324561075e-02
2.507350423339099049e-02
5.473633309857540291e-02
4.115937447643222558e-02
1.733583850771776291e-02
4.369054235059466329e-02
6.818462538876943202e-02
6.727136885508661068e-02
5.038015855982480584e-02
6.580180717735280294e-02
6.464766734718535579e-02
4.884988630524549069e-02
1.714844392364125308e-02
6.917620954998304761e-02
2.961775876890929138e-02
2.958446961033891348e-02
4.441725380926010019e-02
5.084860805636694930e-02
6.944783232011056406e-02
3.232007666334817120e-02
6.971177528744737506e-02
6.772668429193287598e-02
6.304891496726863775e-02
4.118068973858253490e-02
2.770400925134176850e-02
2.656180353491303242e-02
2.126465897473972522e-02
1.801173260795361705e-02
2.894464313754694512e-02
4.473508255793512411e-02
5.622638906199999703e-02
6.141040562502238925e-02
3.701907661526847998e-02
3.127590206269531548e-02
7.076096642660398284e-02
3.486016102070245426e-02
6.777881784094405559e-02
5.303886666797168192e-02
2.244213581131556876e-02
7.079610754312060106e-02
7.290064642274460271e-02
4.561106458188061291e-02
3.751547425593376728e-02
2.291018650496480513e-02
7.565095006518958443e-02
7.763781244364199863e-02
4.756753117130275293e-02
7.128549044781284927e-02
4.153063431050996179e-02
7.182261699990857839e-02
6.747787268588426035e-02
5.590722928798554786e-02
2.708053038497363132e-02
4.424301190989264609e-02
5.875499204921499907e-02
