3.846971906399571095e-02
7.766148588532599539e-02
7.268015022398234548e-02
6.249602131407881039e-02
4.043407912459633102e-02
4.562052644785914018e-02
7.564026535287132758e-02
7.478307183359103605e-02
6.337137779430848661e-02
3.480622145947295798e-02
2.381038302897228731e-02
3.717652487909314102e-02
7.418203074343723835e-02
6.487685902845728714e-02
7.583537168999830713e-02
7.031711725814668301e-02
2.065044343423368817e-02
2.898927072774219044e-02
7.499158498537709938e-02
4.235114006341207660e-02
4.558094151807952354e-02
7.772790069462823248e-02
2.677818210834723156e-02
2.191251159575341445e-02
2.813150592724416449e-02
7.094829387868700765e-02
7.611760996438854399e-02
7.732495772171264770e-02
4.980304042269011883e-02
2.352723923137625683e-02
4.245357232748823983e-02
1.984925414553625686e-02
1.754504434097958754e-02
3.443199224585072327e-02
6.915462592232254901e-02
3.144907009909500561e-02
2.199791378818051479e-02
7.286476632677725551e-02
5.744855338276148166e-02
5.733151982312104100e-02
4.549284059714286954e-02
2.221732937995719859e-02
3.861468023858152798e-02
7.256792865675992799e-02
2.522983042812284790e-02
2.893022651130376655e-02
2.124250460885552388e-02
4.833700359597221941e-02
3.706670813780625628e-02
5.806167866150672985e-02
4.231837161978940776e-02
1.647036898687786674e-02
3.724045795479826587e-02
4.518093836526544671e-02
4.883669736439968240e-02
1.785567495880241440e-02
2.151493805005576937e-02
3.624665814578061085e-02
5.460558253765875752e-02
7.932883063223905573e-02
5.568156575413334142e-02
6.618942012084658155e-02
2.186518589081761638e-02
4.568024023773584186e-02
2.654427200423497418e-02
7.490948532229886603e-02
7.165894867440830707e-02
3.359790634707512935e-02
7.265358437947286308e-02
7.478844515035415474e-02
4.812695163879571886e-02
4.897095423984777068e-02
5.578259042098219350e-02
2.335043799476827636e-02
4.051416584816705524e-02
3.318865197907412690e-02
2.163036653132289697e-02
6.080590177069513519e-02
7.145558147491140599e-02
2.998998532082484264e-02
1.742441273185629108e-02
4.086075224963583996e-02
5.061522065733271153e-02
1.957804674906498538e-02
7.605874790742239711e-02
2.793350436779091714e-02
6.907783348512483435e-02
3.613301223864374273e-02
2.367661550208042393e-02
3.424734510795288817e-02
4.896697150977201429e-02
2.526531769301756936e-02
6.654213257171301410e-02
4.326182991291323277e-02
6.411154201615439086e-02
6.902920281957172777e-02
3.043178195615099668e-02
1.551998827664590776e-02
4.785388683406775062e-02
6.288227120276447535e-02
6.252601984684144631e-02
7.686358109439689335e-02
3.344673061033221623e-02
1.939574645813890372e-02
4.072638910742572976e-02
4.555890040088987625e-02
4.146262830643517028e-02
4.933412608543984862e-02
6.467995998801912005e-02
4.659971663525581259e-02
6.300744736256629064e-02
4.945387959001113637e-02
1.520980661794851113e-02
6.714471046229747442e-02
6.004775813819391433e-02
2.004649687196012608e-02
3.680249397151199447e-02
4.664948573331369197e-02
2.844565801221574097e-02
5.701723409427248562e-02
2.961219005472499888e-02
6.958027640892096299e-02
4.940142148066654221e-02
7.944332140259591224e-02
1.927866667551039054e-02
3.143450566154683268e-02
6.829069422781119947e-02
5.169070270091591368e-02
1.793681493732491097e-02
5.409062687662961888e-02
7.490911612536982345e-02
2.165225645506905355e-02
7.680721351709056399e-02
4.341458085918968590e-02
2.643730925962516770e-02
3.950519300470380774e-02
4.369471647602536646e-02
3.170113581700723104e-02
7.331359182681565501e-02
3.511808899452817379e-02
4.546551715992038639e-02
1.614285007189411245e-02
1.689917851258768144e-02
4.519549523389861101e-02
4.130559347305107903e-02
6.104297979989959516e-02
3.499201082894731057e-02
6.607285580893451638e-02
1.694265047027797635e-02
7.131871765034038246e-02
3.748931211397628360e-02
6.920164935452646771e-02
5.379524936819793379e-02
4.997951324968126496e-02
5.828868846417318422e-02
3.958651183984356059e-02
7.373381533345646499e-02
6.600528928886154056e-02
6.969071184958676446e-02
4.304495790299851798e-02
6.226177837144294958e-02
4.661524068342560306e-02
7.102227884981709982e-02
5.867462295849631970e-02
2.778672319179603667e-02
5.811564112433665469e-02
3.041055203382328834e-02
5.860975037044232477e-02
7.443753809389194731e-02
1.892315789806284579e-02
4.469239624431947666e-02
2.110258209036763866e-02
6.998005871162056579e-02
3.686778659178931161e-02
7.189177385770104123e-02
5.645873809375778762e-02
4.662590607159351058e-02
3.275190778894319921e-02
7.616805372924383144e-02
3.492629674644696924e-02
1.522386634813419418e-02
5.730009626801349509e-02
1.814202496628856617e-02
1.769037833404071489e-02
3.576272424886174639e-02
7.184280947108998006e-02
7.983375123036172416e-02
6.643534773737158616e-02
4.573688604038010641e-02
4.465615508847371046e-02
3.535446362018364319e-02
7.285059426361589763e-02
5.924572249590508849e-02
6.966494766612299494e-02
7.723020001378849697e-02
3.752097452263765398e-02
2.752885370050681124e-02
7.590138709715402165e-02
4.839507453599591752e-02
2.844349869727384045e-02
