1.900435212657786838e-02
3.900643749452967907e-02
5.328560170423896070e-02
2.994141091714490333e-02
2.757582212629055077e-02
7.703278128284522797e-02
7.490833627415588447e-02
1.603105012714598973e-02
5.746707369180949904e-02
5.067667837087608956e-02
3.189876990456196049e-02
7.527825639085791720e-02
6.591159452529554708e-02
1.831853829826643465e-02
2.005408665680872768e-02
5.272862478915195383e-02
7.915887971100528386e-02
1.756994795403520396e-02
2.025798094276667904e-02
4.312713373815765805e-02
5.062338312609116625e-02
5.796659367476456742e-02
2.793291080728270773e-02
3.743258026678750183e-02
2.611572431967076890e-02
3.563841910943932323e-02
6.879414854734736129e-02
5.574921122618236441e-02
1.765466677108253751e-02
3.743588177146091323e-02
6.895052267346019059e-02
5.067974193279189965e-02
6.185792938521692680e-02
6.479199578459568509e-02
4.289775286356264927e-02
7.469905387315411982e-02
4.555983005790847917e-02
3.051511199939024171e-02
5.189810925445664802e-02
3.181085464908916388e-02
4.023415921911398241e-02
2.830571141198741369e-02
6.055804767957970874e-02
2.132661456621203627e-02
7.977917017698912816e-02
5.397503609156815985e-02
6.392826696595396707e-02
2.373393228845940839e-02
6.585774866629320878e-02
3.491620978520663943e-02
3.636808050700811312e-02
5.584623633373903689e-02
3.359844333790674986e-02
7.243480596167146957e-02
3.801091437792143007e-02
7.032642753243831257e-02
2.905230006759116496e-02
5.704170086733188760e-02
5.178221321563243607e-02
4.734915969688551635e-02
2.441990210090758118e-02
7.800360273421372281e-02
3.856160761420128480e-02
1.732124880031863517e-02
2.693173749049835447e-02
2.038414882167068065e-02
3.485211274638400775e-02
2.741089057926725248e-02
3.249017546462647232e-02
7.606960976601530311e-02
4.388181612352190508e-02
7.290431439382835666e-02
6.385763056063836762e-02
7.566402845433767288e-02
6.751503701148062198e-02
7.165157460005275314e-02
3.148596734856115575e-02
7.564669279721510098e-02
3.240984379720192321e-02
7.654681788173905987e-02
5.276292892728245282e-02
1.533201715067200425e-02
7.665410830209887227e-02
3.329178107677237958e-02
2.463077459415788720e-02
5.920442249928688921e-02
7.939636230836620567e-02
6.591682438366375241e-02
3.296178008070257959e-02
7.228269424543098953e-02
7.366087189132480839e-02
3.335822491459736888e-02
7.805967034412052141e-02
1.776980224861580970e-02
4.198241313718248380e-02
4.453913776167113536e-02
2.930697478926983998e-02
7.836121434786882944e-02
6.396459136509222154e-02
3.985585693509084704e-02
2.944101960126806194e-02
3.667779067493558143e-02
3.219422642462740902e-02
2.020287273245414267e-02
3.739685366895603713e-02
4.804767326285454276e-02
7.758494719327919953e-02
1.830347946634465137e-02
2.713947209578003450e-02
4.468440648639679380e-02
5.243947338371580946e-02
3.750661768747750452e-02
6.873529031961889135e-02
3.611691749803248863e-02
7.237685366748847215e-02
6.508002803745184528e-02
7.277823768071667310e-02
3.632238952145755428e-02
5.526233255813787354e-02
2.313612424331497330e-02
7.975565426085813592e-02
6.156625846936737007e-02
2.597324713967477661e-02
6.352108863545134765e-02
5.322995469154469250e-02
7.226554785174529871e-02
2.237902110637744052e-02
3.409311574105590437e-02
5.188986995616028108e-02
3.815918714332090095e-02
7.895599949357685887e-02
6.212145185997914459e-02
4.482065354296645154e-02
1.603617451136180733e-02
4.082520276392526820e-02
3.838429811909283007e-02
3.218822124405338464e-02
3.594423791294247550e-02
7.964209999161098175e-02
5.433008214002803260e-02
5.287982470180911665e-02
6.805169065018140673e-02
3.393266099548064574e-02
3.488982382222029222e-02
6.147804017595594889e-02
7.780932448292410264e-02
1.626882383441985089e-02
6.467598869419652341e-02
2.682004390226418178e-02
7.431422666105230723e-02
3.466019019266765311e-02
3.003430820995536474e-02
7.074023648479163540e-02
7.740726649148854666e-02
7.725725115738790727e-02
2.536290647759638361e-02
3.088297512752397056e-02
2.816581846129206229e-02
3.000760170440445324e-02
4.976456585790802606e-02
4.311385255875303801e-02
5.059296287876674514e-02
3.436639565884172520e-02
4.332204388405309914e-02
6.281381438188386734e-02
6.850158893471824939e-02
7.583244591276985802e-02
2.177765452807756824e-02
6.784574789332456501e-02
6.874005951992673280e-02
7.366610105580263801e-02
7.720050023461999533e-02
6.138445266347644647e-02
6.733428185196371762e-02
3.471306939750434806e-02
6.901278941125968402e-02
7.163906036756811924e-02
2.862808680352870935e-02
3.358824231061763310e-02
4.280403809529022274e-02
5.494013738867101204e-02
4.425236053728431873e-02
1.874333757288847158e-02
5.840160933012899375e-02
7.244882611378319903e-02
3.730888869930480689e-02
1.929790956695367002e-02
7.196365161749085360e-02
5.410055925067447369e-02
3.671258255154079969e-02
3.138451554746338884e-02
6.673241103446261868e-02
6.426811166415000165e-02
5.783345754665118049e-02
7.227023212714894784e-02
2.842961857964119293e-02
3.657921239701805716e-02
7.896514772371499014e-02
4.229524439013684911e-02
7.326223268295833924e-02
