9.076413380765194217e-02
9.495741277799495117e-02
1.208928840439685154e-01
1.763744606156982808e-01
1.191274878090123612e-01
2.196871845664148670e-01
1.731245016417796156e-01
3.693944616813449322e-02
9.321047912951839487e-02
3.949106799526012901e-02
5.980978414252743208e-02
1.894136071276992725e-02
1.306334400878964852e-01
1.349578619292229609e-01
6.864299897579388687e-02
1.458960133911030299e-02
1.670604296815809409e-01
6.575851550683066427e-02
2.318863021362686516e-01
5.111893284765493817e-02
5.977191254547414151e-02
1.755982570282663136e-01
2.205945718348554796e-01
2.310515663465896874e-01
2.320158793123426322e-01
2.024286638322224940e-01
1.267152186853690299e-01
5.694347119482251474e-02
7.503106802380986318e-02
1.685991006003334514e-01
1.506136838844721049e-01
2.253093031496696264e-01
3.078243613008110890e-03
4.231376276798457653e-02
1.975585208180159202e-01
3.622923396095734799e-02
9.061886467484851770e-02
1.465241377556106284e-01
7.451671564687924187e-02
1.626301055568770415e-01
1.567153442319901280e-01
2.290017176385868714e-01
1.122977271980920289e-01
2.381332284406321442e-01
2.151262452563099392e-01
1.699534010468173595e-01
2.422590972372727913e-01
1.959386411873539346e-01
2.359240113330494382e-01
1.205454801783597402e-01
2.496932708161904713e-01
7.056294651357303271e-02
5.143395720079781824e-02
2.777088192562921637e-02
1.186476844454282115e-01
2.001621384875383880e-01
3.261667343450250223e-02
1.748621841704666724e-01
2.253911348535091452e-01
1.550514849825206792e-02
6.021417545025523066e-02
2.003851136603626293e-01
1.359242919007141726e-01
8.013948393064447562e-02
2.308011514434100409e-01
2.964135164608561537e-02
1.526874465519591217e-01
2.384256409268237231e-01
8.445646162816382307e-02
1.436249595851343264e-01
4.619376637391591628e-02
2.266741221779460663e-02
9.215146876778845808e-02
4.680459031577071521e-02
1.717723772027722751e-01
1.747633343282446461e-01
1.022257373037015055e-01
1.012886089977036164e-01
1.014821081163077600e-02
1.984297029744498952e-01
5.433292069500991750e-02
1.855519069946006128e-01
1.791006095486333827e-01
2.462331901715003324e-01
2.049422748705267694e-01
3.180516071047433113e-02
3.868925643431252864e-02
1.342243580248057150e-02
2.491160755271920324e-01
7.463947832208477073e-02
4.460427816945434359e-02
3.212329286121826631e-03
8.735184447442310984e-02
1.167100102716885912e-01
2.311556808409107322e-01
2.402919671343035080e-01
2.479540731709168888e-01
9.224266357320777543e-02
2.488905123397958385e-01
1.884716452679565390e-01
4.151251424392363859e-02
8.674332070317664067e-02
1.646187817922692420e-01
1.001209305269584043e-01
1.727583177206389042e-01
2.302827463086589144e-01
1.719154048916475830e-01
1.519857100889041579e-01
1.477919236782725965e-01
1.174443501872537848e-01
1.866480333945670367e-01
7.709539777084849221e-02
8.513453934968798209e-02
2.575080047293621267e-03
8.879337202690294750e-02
4.897945221851283254e-02
1.592731556869752818e-01
3.076703258486569725e-02
1.247877267208532676e-01
3.916700353124857870e-02
4.567105840421542551e-02
1.169232877156982514e-01
6.555131027489175498e-03
1.101833186200905507e-01
3.391409544612625226e-02
1.002374679989430778e-01
1.139652247789155332e-01
6.039217048715561642e-02
2.455032515927832448e-01
1.939394468061072796e-01
2.084705361480989061e-01
1.485215186417874478e-01
3.537157705960247006e-02
1.711798684330113063e-01
1.699809183095367937e-01
1.349771910379574946e-01
1.256448722133885476e-01
2.178850570690124833e-01
1.484058731182465729e-01
9.299173647275504884e-03
1.938956763801739924e-01
1.732803026305822225e-01
6.501258383049715421e-03
1.866075951173543357e-01
7.181413503859059022e-02
2.366201351341259140e-01
2.095065538029160235e-01
1.650962607566439089e-01
6.321914299883239774e-02
6.657328933889550271e-02
8.966707065127464682e-02
2.255091352495966484e-02
1.514337067363681344e-01
1.862763757356967198e-01
1.704145882519222388e-01
1.574127568423936419e-01
1.960912970307348430e-02
2.171813326813556988e-01
1.324351438158145600e-01
4.909449732839644975e-02
1.613623493898992400e-01
1.037255532059997570e-01
5.169899215762236572e-02
1.866507208566847431e-01
4.708501577599669835e-02
1.323972404605540665e-01
2.386472325180107323e-01
1.928629278859038398e-01
2.278781453843128080e-01
1.311130881712747540e-02
2.454386299110397907e-01
6.266330575625386756e-02
1.542226143694471752e-01
1.352737776388548141e-01
2.461290771714239045e-01
2.238659200775501845e-01
1.654032155022829853e-01
1.921787778961850934e-01
1.331474064200050267e-01
2.480670956616315981e-01
1.933083165160907058e-01
2.082153282893906554e-01
1.900751890953925327e-01
5.813646866066748964e-02
1.862501850667563352e-01
2.101503048570426413e-01
1.221531025643299989e-01
1.100799120895656902e-01
2.078372050289064854e-01
1.871892386564197319e-01
2.051099504791490669e-01
1.982694350566113206e-01
2.214342820426658254e-01
1.709853829712288109e-01
2.265709421297734116e-01
1.370826081200205715e-01
1.997657497287736728e-01
4.979274642713127363e-02
2.133084236538441425e-01
4.144230680129499383e-02
2.037184909798142873e-01
8.938991794191138152e-02
1.167746110371905080e-02
5.745849490192626169e-02
1.930057155752020748e-01
1.619022714725050494e-02
2.091683500404398210e-01
1.749928156482966346e-01
1.213135551863412792e-01
1.182082319190454617e-01
7.498419715229322213e-02
2.034874549922638387e-01
1.435951478462738629e-01
2.432992950337267701e-01
4.017169533465596992e-02
1.969869730581221556e-01
2.412854955979373550e-01
1.966826407002203736e-01
1.268106982574879749e-01
1.064743672700373990e-02
9.843914456060558205e-02
4.226482305507737319e-02
1.244352376876334959e-01
1.065618588322773674e-01
6.838839283385038728e-03
2.491749383452470934e-01
8.136516956746357720e-02
2.560875906259924006e-02
1.140562608693777708e-01
2.342508145250475800e-03
2.142362531500904832e-01
2.369034773413147277e-01
9.796323526952821492e-02
1.581777385332194530e-01
1.709079333605031392e-01
2.094791665554380511e-01
8.149400886041417713e-02
1.860870259513713043e-01
1.977168348996883596e-01
1.382044601946773033e-01
8.400059947635069024e-02
1.760340599281952079e-01
2.382786148349372857e-01
1.495368648742507467e-01
3.306571049188494760e-02
1.121071307693043417e-01
1.317536746160955230e-01
2.375015574358343984e-02
4.351662803325856421e-02
2.349982316517233993e-01
4.224294221167028407e-02
1.576648921732626552e-01
1.380768736122547635e-01
6.859141235189908370e-02
1.960371506178723300e-01
8.276386836970354294e-03
1.387429234421388713e-01
1.789416140602393124e-01
1.124306928928436172e-01
2.120277185170443002e-01
7.695912463542599335e-02
1.134574483782480742e-01
1.849645551438419688e-02
2.069136735117957093e-01
1.677655996097554836e-01
1.162271654029640860e-01
1.311520658594630961e-01
1.269559031296452201e-01
2.149789855848846243e-01
1.282301685135707747e-01
2.339408488813135012e-01
7.518909133556767044e-02
1.585513713347726228e-01
2.051542644620650835e-01
5.162790282713406592e-02
2.090947930499303942e-01
1.810939896618831563e-02
1.522133202610684577e-01
9.996628716965982875e-02
1.066372137076785354e-01
1.296922404532337703e-01
1.680053822878223857e-01
1.312131706769879003e-01
2.423457441563596215e-01
6.802549983738016837e-02
9.000647145869793142e-02
2.297646431159990343e-01
5.240852989045782784e-02
7.095946687553769672e-02
1.403190073858167075e-01
2.784819288327117399e-03
2.322168537872564345e-02
1.025553694759300943e-01
1.512381714766789995e-02
1.865936761524855103e-01
4.526866417952210564e-02
6.575515889428104610e-02
2.597694748696603717e-02
2.448496430157677262e-01
1.138364112030472580e-01
1.550560055494330236e-01
1.354054736158832317e-01
4.422083653109851187e-02
1.879230453934391254e-01
1.495859129410155863e-01
2.126548449185302059e-01
1.376376117160747203e-01
1.248477271580285958e-01
1.179817512356100551e-01
1.800268945618354322e-01
3.564764469081173424e-03
7.871173591335910158e-02
4.208725884452235722e-02
4.811778523680877717e-02
1.544916961419563750e-01
9.215110159675124479e-02
7.800462638716153252e-02
9.960449339853380546e-02
1.463778211571230559e-01
1.727202844963817985e-01
1.317652018091114152e-01
1.834697194154493449e-01
1.183805886386781331e-01
4.590065373581394409e-02
2.438011729481796841e-01
1.391805271442449199e-01
1.619446836705717152e-01
7.463900417019019018e-03
1.553420436043518801e-02
5.637425407099277974e-02
1.674071995442865946e-01
1.208152441192307663e-01
1.338438487645385866e-01
1.701347247267426532e-01
9.594283844768841663e-02
1.507690949850693518e-01
5.159307207612306295e-02
4.766716127482185233e-02
3.336563711263584864e-02
9.135554856723587802e-02
5.710886324741100417e-02
1.693485300896505619e-01
1.238440123906622316e-02
1.613792343659289641e-01
1.281601098805134342e-01
1.945627224000266997e-01
1.348363567934254548e-01
1.997415162702053659e-01
2.587481545299564339e-02
1.813514277623611282e-01
2.367374606437719353e-01
1.944907651013069380e-02
9.438649339532348415e-02
1.831925071903665325e-01
1.313190803742242396e-01
1.396165812994792366e-01
1.859952657856381586e-01
7.585194143080613294e-02
2.238430658661319794e-01
1.520848477360813855e-01
4.616213479799861907e-02
1.956621976424879616e-01
1.418548951448377407e-02
1.984163070535787665e-01
2.152875159611944422e-01
2.012642344038986439e-02
1.864938910811500261e-01
1.720673424776364424e-01
3.648380212832040732e-03
8.077961211144127351e-02
1.256931250269628132e-02
1.198244927854658637e-01
2.011356684350351642e-01
1.592212608214442771e-01
2.475698031937436927e-01
2.086413648000248200e-01
1.906354653265782684e-01
1.282684072616452065e-01
2.032943699702419449e-01
5.322476925295062389e-02
7.581027528988967812e-02
9.099724044311423288e-02
2.039177338474973053e-02
2.005262068911096152e-01
5.277786171176187396e-02
7.496848342300455048e-02
2.433035500953266705e-01
8.604052582727540754e-02
1.824131098414761079e-02
1.108152399134454125e-01
1.094595639953944294e-01
2.053402727987060916e-01
1.267652849987535232e-02
2.209840697290411105e-01
9.665895771550150894e-02
2.472400702372818393e-01
4.828134057729323997e-02
1.010049501593324600e-01
1.330352570427528469e-01
2.269741305607004545e-01
6.341555952346911162e-02
1.513753873665725502e-01
3.529103084224817499e-02
4.261143071213457229e-02
1.048532768003285626e-01
1.417402222744721663e-01
4.906913798854561914e-02
2.362534111102197187e-01
3.027313939877529503e-02
3.209328705812161675e-02
1.901599643034702913e-01
8.192317423808788412e-02
6.804467166252049781e-02
3.754040502233808863e-02
1.083347280674143015e-01
7.182156151399894661e-02
8.212873149327153816e-03
1.351070659720731981e-01
1.593411391243896788e-02
9.678081895124929224e-02
8.556781560505931014e-03
2.127825688477051058e-01
2.078214193069659599e-01
1.831542946835216235e-01
1.514687768557097247e-01
1.885454568383251872e-01
7.724435203876198197e-02
9.504995221831628871e-02
1.071724830040472060e-01
1.387233852851624538e-01
2.122528331164645274e-02
1.206816339848294922e-01
1.069406912758791434e-01
7.443450466815111632e-02
9.006970364473923518e-02
9.322209158773247725e-03
1.443412293536648072e-01
1.736800322269098917e-01
2.165928395002321982e-01
9.552857648451364148e-02
2.120152319482519754e-01
1.502395269689350832e-01
2.104298733607412875e-01
8.613072318476873435e-02
2.433954120690185463e-01
1.415198599722110873e-01
1.764496193984304295e-01
6.979969802714772187e-03
1.420624666140105907e-01
3.210328677520887797e-02
2.016382175784422470e-01
2.420803698523820713e-01
2.249455630510897586e-01
1.093303247693528102e-01
9.842530569567607690e-02
2.166071852772390449e-01
1.598290225176565160e-01
1.416036755044549622e-01
1.864345448935634253e-01
1.839780610957255647e-01
1.707384340144327550e-01
1.460756266494852296e-01
1.411523530827468176e-01
2.064385840516185233e-01
6.342976563088982556e-02
8.772073785070592933e-02
1.620024007303502989e-01
1.091113212070591726e-01
2.428757423614719968e-01
2.353864400365188458e-01
2.305536158632595090e-01
1.927520795617541083e-01
1.246102764740841390e-01
1.761973565427878141e-01
6.611840959853959587e-02
1.520259447810596853e-01
7.856706136256476347e-02
1.221604411644544308e-01
5.522760233756728726e-02
1.282032641439375120e-01
1.003186342437737549e-01
1.840361338969208338e-01
1.594573402146824970e-01
1.038803100881510316e-01
1.870981445337692450e-01
3.921474477606925330e-02
5.792292374144616951e-02
1.541217241086330625e-01
9.129146343726395052e-02
1.624086439227046819e-01
1.442949794746226956e-02
5.036966012876861742e-02
4.194176252641435704e-02
5.020594945973911455e-02
1.216523948655446746e-01
1.230587204084484104e-01
1.808637045779702412e-01
1.836324051459347073e-01
2.744731934512571747e-02
2.016194524379212941e-02
2.046031694569127590e-01
6.972227142866138649e-02
2.245394050894790050e-01
1.881308367815606175e-01
2.104732116747300430e-01
5.044392793028121269e-02
1.535220692501032764e-04
2.228191107442046015e-01
8.375229543790528586e-02
2.482072464613293422e-02
2.243575690494035713e-01
1.425278454312575716e-01
2.464188014190043241e-01
4.494497608283250234e-02
5.157411518067286232e-02
1.746514638592409907e-01
2.452153682279632207e-01
2.105499106756092698e-01
1.888523773558374863e-01
2.043072558920273341e-01
2.464427966265543835e-01
2.268384524101194899e-01
7.561407228353769772e-02
1.364286872436087650e-01
8.216703589615960424e-02
4.422394860275129236e-02
1.314960608988790247e-01
1.061410717528196851e-01
2.069615795662762547e-01
1.321635724367211939e-01
8.638445015458892651e-02
6.504236091001927567e-02
8.305138489154595405e-02
1.244553073938911916e-02
1.237092499338770940e-01
1.513793535957242142e-01
1.404596569100698134e-01
2.292638647303232857e-01
2.064081073991904103e-01
1.202551472470744266e-02
1.703749385959038576e-01
6.754803452497763760e-02
1.968256677540423660e-01
1.690953835246238879e-01
1.591637052431295052e-01
3.967672941218666066e-02
2.401656542240376280e-01
2.266809431133291752e-02
2.319436945568819630e-01
2.428836479406148996e-01
2.069140539518276312e-01
1.369617967083020249e-01
8.546713230854165178e-02
2.037704725421081997e-01
4.569741469550415471e-03
1.283958842893807850e-01
5.449353457478232216e-02
2.207682671472189773e-01
2.074497699391646410e-01
9.199682841604040406e-04
7.123391422441430199e-02
2.256306787481305032e-01
2.427741061378198562e-01
1.691140405498086641e-01
1.432990957778925156e-01
2.482921176082341641e-01
1.425237666871438658e-01
2.370268104960092659e-01
2.110931676002522628e-02
2.098677891039399668e-01
1.378432097414904467e-01
1.855383513749523094e-01
2.484198526965885334e-01
1.309919563850765190e-01
2.080990865157238412e-01
2.340837916551850306e-01
3.607782320706395124e-02
7.670616307135549872e-02
6.751607064570622208e-02
7.507739272167683608e-02
1.529179696340897676e-01
2.097780503735540425e-01
2.020591770454290004e-02
1.647879813785995406e-01
1.131201822506817251e-01
5.625877988443060695e-02
1.959205947235881651e-01
2.418764446756729580e-01
1.105257266162230079e-01
9.791147858770957169e-02
2.429017131663012419e-02
1.962216813432946239e-01
2.212233236128886282e-01
1.945134102823513067e-01
2.257933619414576321e-01
1.264188824510937281e-01
1.711056699594143971e-01
7.914854639250333557e-02
1.670405346724598283e-01
1.330035790161656073e-01
1.609087941425330071e-02
1.827840493460746729e-01
1.924602061123069363e-01
1.148128145403438799e-01
1.351376914394775697e-01
2.108763561785696738e-02
2.044576096935132314e-01
1.548728127053369263e-01
1.836017349342301264e-01
1.002959430697713400e-01
2.301661515089974408e-01
3.411986343766052181e-03
1.082576278536909326e-01
4.010218083464030941e-02
7.991956732075457259e-02
3.083396694628995696e-02
2.200720270941507739e-01
1.955887574101958237e-01
7.288659900791949475e-02
1.471447463504015896e-01
1.600528447894463968e-01
1.219015691013066033e-01
1.662386170105538130e-01
2.081227251870354511e-01
2.101861253629711823e-01
2.439371143555640609e-01
2.035068782582780955e-01
1.391157072568406095e-01
2.149163658039694169e-01
9.761005172011624764e-02
4.075552081582216324e-02
7.359795190927150010e-02
1.592504518349413256e-01
2.064714135191352551e-01
6.200450239013331755e-02
1.293172081212631552e-01
3.525494637574458356e-02
3.624983697322406440e-02
6.135631267143004230e-04
1.742938950110705099e-01
1.889050921108555714e-01
1.606592101220155333e-01
1.570550309227577285e-04
2.355337038684432449e-01
5.036239923605186075e-02
4.245561907079227482e-02
1.391386470154852562e-01
1.880458666637701004e-01
1.842046997236966577e-01
6.727144994422490538e-03
1.425859301641916876e-01
2.286056986310073535e-01
1.663810186709897554e-01
8.537275077958908498e-02
3.483244487697195052e-02
1.502567213831320280e-04
8.738485286044851696e-02
2.330486459747226624e-01
2.319794179630617070e-01
1.532436050654872872e-01
1.773747631769365118e-01
1.120717531678590978e-01
1.611655967279864987e-01
2.203446765509546948e-02
1.910826025332299227e-01
1.543703738896121946e-01
1.449329762968567525e-01
2.024661945747867897e-01
1.655593308948593578e-01
7.053331375665368441e-02
2.521890938623014972e-02
1.744203469767001136e-01
2.220332488144676625e-02
2.011932468344983238e-01
2.126630406671642989e-03
2.117825159768167431e-01
1.051306112226864792e-01
1.548437604108204579e-01
1.436089126848703879e-01
2.487228638157383265e-01
1.899212416221189303e-01
1.586686399620970689e-01
5.469058368625896033e-02
1.026985267108932939e-02
2.289904931939757970e-01
2.056392953847424043e-01
1.207431088163765376e-01
1.926232570278713641e-01
7.618393795806156776e-02
6.757194970698481018e-03
1.385889496969013035e-01
1.213430047076939911e-01
1.404563453608018986e-01
7.670436782410784693e-02
1.040906540053307128e-01
2.378416710438381876e-01
1.939575796323454726e-01
2.417906147080936541e-01
2.291383887894490531e-02
1.407594895214129074e-02
1.962206138259535437e-01
1.120043144482405495e-01
2.170972755536399734e-01
8.785048003544208839e-02
1.127681640452486145e-01
2.704064322395282466e-02
9.448045303385935179e-02
2.163164241436537349e-01
7.215306073623936611e-02
6.009196164645474320e-02
8.857310693466746709e-02
4.906501490483059641e-02
1.394208090817004031e-01
9.811983750689483308e-02
1.922903881781966862e-01
1.927997010997241079e-01
1.526263989203805183e-01
3.496843093716834466e-02
1.929955607631056447e-01
1.803928309070844394e-02
5.526477569450759242e-02
1.320286485304442980e-01
1.629308606801658232e-01
2.231585149893505760e-02
1.653059469659258485e-01
8.961879318816742823e-02
1.799659143796788485e-01
1.673632393817615915e-01
2.211585099295130252e-01
2.193079853213451280e-01
6.255117604447825441e-02
1.732679890799060929e-01
1.648488776121428689e-01
1.159076799728833429e-01
6.470043618725403178e-02
4.452159436973904955e-02
1.128904687475921764e-01
8.102951467752390891e-02
1.020540010135090325e-02
9.736782095475009224e-02
1.924916882613321445e-02
2.657385298474911842e-03
1.761894760914969882e-01
9.148248223885788177e-02
2.700524764332649409e-03
3.204132509684813612e-02
1.955427582317382229e-01
1.423295605894636384e-01
2.488743489762350325e-01
6.741247368832165021e-02
1.438711490226013412e-01
4.707645653678626391e-02
1.401480166850510578e-01
1.514776145823179265e-01
1.962799988170880472e-01
2.103164928503494235e-01
4.477859884894580533e-02
4.666319916129758882e-02
1.120241885398066128e-01
9.120706830647272445e-03
4.490973585829527437e-02
1.075461735176009015e-01
2.324717910238372209e-01
2.003094159924443535e-02
1.477136571277249122e-01
7.193012022933512224e-03
1.192882292137756456e-01
5.157219683250841707e-02
1.965554982112664717e-01
1.381085797960275585e-01
7.123488570162769817e-02
3.464228763721830667e-02
2.551913621693829848e-02
2.028391419274146457e-01
1.219909760797075055e-01
5.221662092922556113e-03
8.964581732905065048e-02
2.557137167993331697e-02
1.800892320157040649e-01
1.564095775509813935e-01
4.134261098150010527e-02
2.387011194057260810e-01
2.472573661962565728e-01
1.100928741471341732e-01
8.425859825735555753e-02
1.708204381719953535e-01
2.330945169171365072e-01
2.186686475267300978e-01
4.037026436454688172e-02
2.262942075378488738e-01
2.355665146051928449e-01
1.525746438325727150e-01
2.090629103102051578e-01
7.948861643076146621e-02
1.800815784962616073e-01
2.040461483320531177e-01
1.355793995586616618e-01
7.250850815349949019e-02
1.456639949492740532e-02
1.490097792932864318e-01
2.173994910057481800e-01
8.655808455668560775e-02
2.490777707363436566e-01
1.379919284063675922e-01
8.314400227148599845e-03
1.674254171367475230e-01
2.148433158534513721e-01
1.273061420789245168e-01
2.313537402228767192e-01
1.718600457283223637e-01
2.109044474615822534e-02
2.491709959100669169e-01
9.955237933652519300e-02
2.420965550971299340e-01
1.249489563072463810e-01
5.345358065615844062e-02
8.163857844832164701e-02
5.234854811162931859e-02
1.542655026987663040e-02
1.282959735599797091e-01
1.824110806999413581e-01
2.442997307763644654e-02
9.359336048861370549e-02
2.470385578277066729e-01
1.842736242812082204e-01
1.421542824668329541e-01
1.990062558256988356e-01
9.857549723369807282e-02
1.997804533712889061e-02
1.051450319312175752e-01
1.810026992789122435e-01
5.829629189297666492e-02
1.512103922047568216e-01
1.880919056042071047e-01
3.728516706822202625e-02
2.082019066161928944e-01
2.402858885697886082e-01
6.945408780523718018e-02
2.045793380181067100e-01
8.915417083246737762e-02
2.489852128480877225e-01
1.177361168683903753e-01
1.588182856859589875e-01
1.262421182513507878e-01
1.635091183024500461e-01
3.178468985422890081e-02
9.184100992237405336e-02
5.528795486969742545e-02
9.216754636152768576e-02
2.475258054010903985e-01
1.504692917332753690e-02
1.582082621436963488e-01
4.105950513373362448e-02
2.076710094437340670e-01
5.356886040412494471e-02
1.673644343539040513e-01
7.734063283776408670e-02
2.075087729222554189e-01
4.729809270097377893e-02
7.982349218734009766e-02
2.310810998733144050e-01
1.378470356133296160e-02
6.594319535561121715e-02
4.231824195406908885e-03
1.643794196743166292e-01
9.848892524669394799e-02
1.570800726934155622e-01
7.574139319059998605e-03
1.162059665516060186e-01
1.722105734412641281e-02
7.702211787304596990e-02
1.189795567419948408e-01
1.588128186440292133e-01
7.581332578480608209e-02
1.708152325862088705e-01
1.215081199743082568e-01
1.883591554107527377e-01
7.578325307660211015e-03
2.442423015765178285e-01
1.914354980909916681e-01
3.625486163772709269e-02
3.968842394189726897e-02
1.721321608972468942e-01
2.961793622846721832e-02
6.001089568166147192e-02
7.893486322472030581e-02
2.177978288264313389e-01
1.019416915205673124e-01
7.634094988363485795e-03
1.569992076474275577e-01
1.086714091685128530e-01
1.766423781853650177e-01
9.729233435070605562e-02
4.606775245723186002e-02
2.055696466826761604e-01
1.488957414204312713e-01
3.190274187085777313e-02
2.067495892748179853e-01
1.165244944584379466e-01
3.004319478466878357e-02
3.354969898197679434e-02
1.568315731011261649e-01
1.100615469837668697e-01
2.049148085167506461e-01
2.297982081863465254e-01
2.225431697572241019e-01
1.845862827672246076e-01
1.400190371480440066e-01
1.736531595761110491e-01
2.468992468851487487e-01
1.291608310136341531e-01
2.105792874777782930e-01
1.314101756822615430e-01
1.760116268115366756e-01
7.598587223038819061e-02
1.379099737444266886e-02
1.535638536073541949e-01
2.975612617108970223e-02
5.538077676606273370e-02
5.392943681793885106e-03
1.697027378568163603e-01
1.418215997914994142e-02
8.633153059541150143e-02
1.561454872874741828e-01
1.477795655924444840e-01
1.817332925786889486e-01
8.777278712427476204e-02
1.272882152279851409e-01
2.370051146038077705e-01
3.694991776710753600e-02
4.747438591359448568e-02
1.943454932236421684e-01
1.663180861348790007e-01
1.792912257456962255e-01
9.208872539071571994e-02
6.763472292406843937e-03
1.035949729801337316e-01
1.014525242241453989e-01
1.196456518573810884e-01
9.459564138908151121e-02
1.600537051303414227e-01
2.979949698554394417e-03
8.647941950334243899e-02
4.211601486893867125e-02
1.602454270877071985e-01
9.281536698736292390e-02
8.725106114142830438e-02
1.466673817038850573e-02
1.212574005647359676e-01
1.122322860346830486e-01
1.156884805092188995e-01
2.109764090600969033e-01
9.079397286945668777e-02
7.876377716270473173e-02
7.094620103040423682e-03
1.385522954778564131e-01
1.878879064605174232e-01
1.099605799428616110e-01
1.264923466351499659e-01
1.877970523130274849e-01
1.555940086207382167e-01
2.340253833443350917e-01
4.503106498149294507e-02
1.013570910728237573e-01
6.398779825181001579e-02
1.907346480416012846e-01
2.266278507194386671e-01
1.433741317511292301e-01
1.814265453239197745e-01
1.819759410196377658e-01
8.336565616810398538e-02
3.774308981982046202e-02
2.735281835488358529e-02
1.094558241987999697e-01
1.763729008794169273e-01
1.171902338660544690e-01
4.721414856348272321e-02
4.804787475017872900e-02
1.816410405981028209e-01
1.705192037199077804e-01
1.717462201526578636e-01
1.560068654675388633e-01
3.318031304292839989e-02
1.019292909694772820e-01
3.185000935765386343e-02
1.369933245490067009e-01
5.254970663917982870e-02
1.809528830502283442e-02
2.115741089313180889e-01
2.320280559144435317e-01
5.935925213344279278e-02
2.168997969387944369e-01
2.490752578670688278e-01
3.440322150374132415e-02
2.001313959209335691e-01
1.520201924672203997e-01
1.305446224530076027e-01
2.920912064374123901e-02
2.183205061252876944e-01
1.784477090992332704e-01
