5.822724984612314553e-02
4.318379008958652537e-02
3.162271808348154911e-02
6.185085755874087515e-02
1.909119917818202783e-02
6.036212872413375397e-02
2.202684147140024362e-02
4.377267852227369888e-02
2.635919860787763747e-02
6.609888960184776008e-02
4.569426545689724006e-02
2.393937814814039999e-02
3.307701150466602763e-02
3.542261121361965637e-02
7.317872970018407530e-02
2.206057871562396716e-02
2.347625635409153130e-02
3.027871878139628409e-02
3.129252508045200776e-02
6.554081917496423770e-02
6.583131150773907647e-02
6.401952657401903390e-02
1.527370421454360590e-02
2.998553090611438127e-02
6.526451295089896742e-02
6.575475522902091141e-02
4.209160335097418548e-02
3.756221499676431347e-02
3.136637681975197600e-02
7.847697634187554561e-02
5.331474598033294349e-02
5.467883359173759950e-02
5.634838552462608646e-02
6.374436816320094845e-02
3.591764716508710764e-02
4.838814184274234376e-02
2.780371647476361646e-02
4.813004928990172182e-02
6.579738750609423481e-02
2.648430315564877582e-02
3.517149416599001793e-02
3.893025000100411304e-02
1.536168899689713263e-02
3.677363135846552222e-02
7.589769933776654987e-02
2.553259420311648070e-02
4.307001651140120180e-02
6.768458598769858114e-02
4.858793578608582020e-02
7.929824658924637670e-02
