3.490916737107983836e-02
6.669219765006012546e-02
5.167994152680992909e-02
1.679845289016524551e-02
6.931612644015935909e-02
4.176802785872706092e-02
5.560554363907420361e-02
7.138833163838663454e-02
4.751726002712788194e-02
5.383402362629172849e-02
2.645986826701001229e-02
2.150392041485213457e-02
2.836438173446849398e-02
5.500492810721770154e-02
7.487733636712792795e-02
7.715076454708555409e-02
6.416710900647676352e-02
4.203892120428916190e-02
1.518034394340956640e-02
1.700122133942872510e-02
4.031333066200668003e-02
2.126937756427299542e-02
5.593547965373867059e-02
6.707771824231811841e-02
5.521012788631760038e-02
6.493754623461545084e-02
4.237347528694498933e-02
3.112140425444704858e-02
6.931552427062173671e-02
5.729744716264643239e-02
7.125946922975152920e-02
3.892975069226194823e-02
7.230518074562750086e-02
1.958311009923199147e-02
6.694490077190501376e-02
6.560997794570630481e-02
6.977014364494676935e-02
4.265775157620801949e-02
5.261205059874215356e-02
2.224776120815961933e-02
3.059899261076897553e-02
1.649577824749474259e-02
5.765275674730338529e-02
4.473132244834870930e-02
3.906393546691155211e-02
4.993315372361239318e-02
3.530555889544055581e-02
5.051382570692979773e-02
4.369563267300921594e-02
7.881499370940872606e-02
4.953367467707861516e-02
5.792331678654354110e-02
1.617038361704331573e-02
3.542544170294831957e-02
5.783315061698045961e-02
4.345952549860156860e-02
6.742648852335461629e-02
2.140049421513347955e-02
3.824546960617625224e-02
6.531901145705701350e-02
4.208720531593013181e-02
4.136664061150573113e-02
7.990165961773346148e-02
7.220863392244109003e-02
2.975416715928585337e-02
4.815847832248761062e-02
4.451579959743398596e-02
5.307009357988441700e-02
3.962952290288822982e-02
7.170256546860759306e-02
6.904835652359464504e-02
4.097585021488107937e-02
4.563586238152574082e-02
5.783765828054932695e-02
5.842350907783505631e-02
6.115235292999850886e-02
5.560352173729500580e-02
3.124306847953215588e-02
1.890244094674236805e-02
2.755342152550249030e-02
7.936630044401238315e-02
4.281317660206609282e-02
4.566302095657145954e-02
4.724248521600566547e-02
1.872174536077352014e-02
7.726508991619253364e-02
7.752229596300538872e-02
7.642506086131525822e-02
7.904675539490747804e-02
7.069590043480450392e-02
6.930095927166746161e-02
2.462715169361796852e-02
2.434948574309089842e-02
4.155903618427138346e-02
6.616714051548529263e-02
7.904130269661290009e-02
2.630372823311473429e-02
1.803349975469913102e-02
3.449393199243984409e-02
3.245430465844906243e-02
7.862994001545736689e-02
4.100249401832426616e-02
2.792920059634281318e-02
6.762276285237021900e-02
6.613193255868810017e-02
5.420849110417317457e-02
1.687678301817920751e-02
1.937592465676326800e-02
2.200650810548399755e-02
5.118444655953033329e-02
1.924571185689220518e-02
7.540601823309563134e-02
3.836439811527006527e-02
6.087128958290982661e-02
4.026869229967621616e-02
4.303073612661427461e-02
2.143107394740436517e-02
3.506155139707757551e-02
2.002837839463222566e-02
7.452384828956649943e-02
3.696841945045664657e-02
3.038478734377838414e-02
3.324664050192752823e-02
6.108839459261374005e-02
4.816229070983453486e-02
2.402843688938639810e-02
6.105086920789733890e-02
5.772013402664972342e-02
4.430291797606525361e-02
3.545881827468304326e-02
2.721784182560266566e-02
3.022870494970812671e-02
5.139115494948107848e-02
4.375521440223541225e-02
3.712120797179391252e-02
5.529462363290721383e-02
7.076266188049434858e-02
2.648128987316057323e-02
4.359283357216765797e-02
7.991035333945431529e-02
2.413948681031182625e-02
2.051503090626234996e-02
3.890805251744079707e-02
7.112104942349220527e-02
4.458905737446339224e-02
2.907335536265136938e-02
2.116971614178289954e-02
7.876842868987030122e-02
3.105309165640748187e-02
3.589425365984499905e-02
2.222139456303337535e-02
4.869742967357924834e-02
4.098648634873727770e-02
4.908566743431813650e-02
3.191610155405651128e-02
7.069146785552954393e-02
2.192369179900828177e-02
7.884327120852387127e-02
5.099462203723376108e-02
7.040770484314542998e-02
4.495086926789862436e-02
6.418446483591788709e-02
2.283056179017491083e-02
7.033444318829892850e-02
4.838600929466773531e-02
7.495616144827493832e-02
4.850698861656367600e-02
7.839079447673753809e-02
5.655042197786869923e-02
5.411735496977675836e-02
6.106046897987749134e-02
3.068178830122677420e-02
2.960138234785554545e-02
4.862270660894384144e-02
2.521798906269109158e-02
4.011974570138764074e-02
5.947299148605136865e-02
2.959839891562770359e-02
2.573387911192806521e-02
4.164812946405459237e-02
6.701695259030225615e-02
1.893299233181741648e-02
2.463320765253122421e-02
6.714006626382972021e-02
2.103506252122334941e-02
2.750264834308518980e-02
2.489196378570946583e-02
1.904662911151750251e-02
6.865518233348610888e-02
4.319864559567206108e-02
5.286403245257700195e-02
6.336145268552598186e-02
1.871409895204848017e-02
3.245584318250453737e-02
6.758225222308972269e-02
1.925233429275729352e-02
6.203457893002501528e-02
1.530664823758600204e-02
3.859356498762216148e-02
6.937344924950411551e-02
