4.947599472877143439e-02
-1.607115071944991425e-01
-8.311726142273446749e-01
3.276793725276526681e-01
1.059524845302328711e+00
1.676874457638802385e+00
-4.522811718950889293e-01
-5.959482857378931575e-01
-1.211881538190422880e+00
-5.338448440452748800e-01
1.192047380626363839e+00
1.634003816143007937e+00
7.233796432765303708e-01
2.025873161374450948e+00
-1.059393459038616925e+00
9.778792260913196088e-01
4.217969620277372406e-02
1.215702436585933688e+00
6.808504750652624726e-02
8.843451867623460805e-01
6.047611919677265968e-01
4.391631067031904756e-01
-1.925027808283651831e+00
-4.928539896232425055e-01
2.499019367415502568e+00
-6.856165240312744880e-01
6.436752446961985230e-01
8.604404447695876978e-01
5.473769408397812647e-02
3.158779087633003524e-01
-7.732884848319583337e-01
8.730082077305698629e-01
4.582126637391688573e-01
-1.661701115804430640e-01
1.063196880764330166e+00
-5.030404466719305967e-01
-6.585164597868623515e-01
-1.243923604813910455e-01
-1.695933351417993062e+00
3.736147228540118159e-01
4.013915346711822707e-01
6.407442106770976364e-01
1.003043133977933987e+00
-7.899703726543183535e-01
-8.145058935984965665e-01
-1.375953262747577455e+00
8.103541754012495713e-02
-1.967199530969433452e+00
-2.023913840813988507e+00
1.004387709527804873e+00
-7.042259654720946227e-02
-1.034931671570954226e+00
-7.316870861436999829e-02
1.575388765272229596e+00
-6.540498135352783293e-02
5.238143292008612395e-01
-1.713896593995496431e+00
7.942189342428122856e-02
4.035843821679009347e-01
7.639563849723649547e-01
1.819910458588367419e+00
-7.724642271103763225e-01
-7.961742266829016645e-02
-7.464503869327571151e-01
6.085403617923157427e-02
1.324824908355844100e+00
4.729633839484996272e-01
9.603371752254109828e-02
-1.670904480816957305e+00
-8.267303833766488641e-02
8.864090980176362322e-01
-5.368239506981883347e-01
1.723629710898515466e-01
-1.381237649964446979e+00
5.176956771526438628e-01
4.122024096915560265e-01
-6.755149154208521800e-01
1.407150623689817914e+00
-9.905105110898864140e-01
-1.042283753391143319e+00
6.655898465417321441e-01
2.520351485317616769e-01
-1.295420591428615209e+00
-5.738235669921155635e-01
-8.710762205271423975e-01
-1.834001482041665299e-01
-2.845174665394239466e-01
-3.086232818196933958e-01
7.301671489134043957e-01
-1.008312602473155906e+00
-1.104268372952341426e-01
1.751514751434000983e-01
1.258699104928854506e+00
6.240404950091903852e-02
-1.938539530949493495e-01
-1.396121541741850880e+00
1.040946089226894244e+00
-5.138046242391823837e-01
1.452542112804952712e+00
3.927960740089289082e-01
