6.503774182234323131e-01
1.426512359776285765e-01
-1.303311428095957236e+00
6.225957386123309734e-01
-8.150549663170640891e-01
-4.850853176859787341e-02
1.796454614770656599e+00
-1.480481886836329863e+00
-1.263989989271915748e+00
9.159166664877236297e-01
5.066636123001660996e-01
1.712057073131998175e+00
4.878923226803939528e-01
5.531938159975251512e-01
9.016164654987653959e-01
-1.056567528424772612e-01
4.909788766658781944e-01
1.391439256735040875e-01
-5.709547325069201928e-01
-3.965743895706457661e-03
3.529639454280392163e-01
-8.151439757549443499e-01
3.959619920487579825e-01
2.034185359924665093e-01
4.841521283360128436e-01
-9.945487697873288679e-01
4.281338507955901873e-01
2.778257106816702793e-01
-9.544603258616733976e-01
-1.666315312471496002e+00
-1.210918062913022952e+00
-2.015600878624592696e+00
1.336850433262936511e+00
8.862500875556747482e-02
1.588286371706549405e+00
5.925750419008368741e-01
-6.777881328230211944e-01
-7.245036123378276738e-01
9.905029230101249915e-01
-1.340126987073009035e+00
-1.180321093702443980e+00
4.382081938376809482e-01
6.428530715977108789e-01
-1.443298126598736353e+00
-3.566838028096618318e-01
1.067987260977788927e-01
-3.473107477564139206e-02
-2.259544294901582109e-02
-2.826527305593409256e-01
9.596359681516211104e-01
4.146416814096514081e-01
-1.588243798485406089e+00
3.147395508996544966e-01
-1.935671692297345203e-01
-8.134246607050505951e-01
-2.265250073290125954e-01
-2.110176490291038487e+00
-7.367696130622093387e-01
3.455116954465252688e-01
-4.193490802352828339e-01
-1.455652050036381873e+00
5.881820501298651305e-01
-3.565354448533900045e-01
6.249313805557442369e-02
2.721233232432254123e-01
-1.209333553575429709e+00
-1.336762908559265162e+00
2.386257656289149098e-01
1.228009977573073952e+00
7.778809763876398664e-01
5.584743048700079038e-02
7.298083826560076703e-01
2.190395048869497041e-01
4.878507988428283926e-01
5.493433594517506124e-01
-1.650983704625465176e+00
1.421562398157353302e+00
-3.790755968652476104e-01
-5.661935574628734757e-01
-1.330558879491523794e-01
7.529501001831733209e-01
1.762879500849473535e-01
1.702958242902722352e+00
6.921073498659439105e-01
1.818790672237569350e-01
-8.940508218387768213e-01
-5.611483959001313249e-01
-7.378846000824791362e-01
3.745245688270850137e-01
-1.751494981299329901e+00
-3.787833375816969106e-01
7.065751263551844907e-01
-8.589110599384573719e-02
6.404738310370972076e-01
-1.271183836869793637e+00
-1.069016279287620330e+00
9.851688354037137219e-02
8.622730312735906733e-01
1.469445607067780719e-02
-6.606198962710466693e-01
1.117455403501504074e+00
-9.899809011626563571e-01
-5.315826322830731199e-01
1.107840238091486684e+00
-8.794344384105962087e-01
2.152116555104744700e-01
-4.868359366254607079e-01
1.581388568749000134e+00
-9.663041217261732208e-02
3.056220057249657285e-01
-2.708847224152373556e+00
9.595470219597893591e-01
1.016324800882307366e+00
9.184987530727413141e-01
4.402545926441830404e-01
8.435299383308457744e-01
-1.056072899987197666e-01
1.178342735720490753e+00
-7.991479884923270438e-01
3.281750481193761448e-01
-6.709702565454805923e-01
-8.687619531874793966e-01
-6.280702825985409188e-01
6.786630732928446985e-01
1.659235412609807225e+00
8.021201149484621373e-01
5.873332129320928408e-01
-4.154470658474401779e-02
5.570548348657221593e-01
-5.151647558483136990e-02
-2.935671237944883494e-01
-3.844266049520881912e-01
4.746507677922074536e-02
6.719012366293579674e-01
-1.184807903929402162e+00
-5.309085179344259497e-01
7.251237991131584959e-01
-3.423381486042361699e-01
-4.176501405151181734e-01
2.457916429682641901e+00
-2.178387856500853204e+00
1.088330366547569428e+00
1.559747962831186698e-02
1.364113667303154198e+00
-1.591536159604203027e+00
8.819436640118422099e-01
-1.909851710342526931e-01
2.221624406739330926e-01
3.101799339219768470e-01
2.703239968794328776e-02
6.855052161901529217e-01
-4.712109227216285667e-01
-1.295994779387477980e+00
-4.929464462986733464e-01
4.558501555042475117e-01
1.850585526851895812e+00
-5.755139016583575851e-01
8.567162112512897165e-01
1.161951243632084907e+00
-1.142570617415646222e-01
-2.070525781615790262e+00
-1.849693889458090323e+00
4.514519684112782150e-01
-8.031772198416191610e-01
6.187256932973078660e-01
-1.087908229210001965e+00
1.171517012666773327e+00
-9.265895101009251622e-01
2.376433205367774359e+00
-6.622445017300092329e-02
-3.177537236823566036e-02
-5.364313475047360891e-01
-1.843629250778608508e+00
-3.351630480196313155e-01
-9.065352943855154999e-01
1.413687520680009468e+00
2.666133958765783407e-01
-1.503345714036690817e+00
2.886336985151820023e-01
-6.520216993157705865e-01
1.628263748100802488e-01
7.960771440516047903e-01
7.644545837661032017e-01
5.024288336187322512e-01
-2.133525077692719207e-01
3.899373014306126706e-01
-1.805663885104520361e+00
-1.815815933979165298e+00
8.966278262922308118e-01
-9.230346785258574105e-01
5.959625506451355914e-01
-1.511603351100799901e-02
-5.329050216940677265e-01
7.537735190567901311e-01
-3.132971726489912068e-01
8.584224800118486209e-01
-2.048638807071640616e-02
3.212117016096339706e-01
1.971548918641406745e-01
1.557353949596829379e+00
