3.199523127958446289e-01
2.418194644375452285e+00
2.444182489182970541e-01
1.981952066797601150e-02
8.738859667846322621e-01
3.223481198074171772e-01
1.834289117869297936e+00
1.260198288715768777e+00
3.698024754979576390e-01
-1.177465162669450338e+00
2.695339297175245452e-01
-6.962130138932499657e-01
1.488840007062540938e+00
-7.105722068735318420e-01
-1.555703271402490540e+00
1.132018542078727430e+00
8.469432927263154109e-01
1.058068962076032182e+00
-3.357931582656308311e-01
2.789813392470355535e-02
1.441711217031279024e-01
-7.240338942941184630e-01
-2.141131200201224605e+00
-5.965966387071449661e-01
3.785656050251914873e-01
-1.450298980850301511e+00
-8.105338304737010890e-01
-2.800506494835292681e+00
-4.337574701968834323e-01
3.152205739653705097e-01
1.531648377494210678e+00
7.786287296175371520e-01
1.087189203623794453e+00
-2.095238610219192221e-01
8.333832183552729589e-01
-1.335079791372150826e+00
-1.194824586244606301e+00
-1.936852718244218563e+00
-3.981839839454042740e-01
-1.730741661605724513e+00
-5.200305452467344353e-02
4.426683731592484516e-01
2.212533231749316820e-01
-1.799338819231845132e+00
2.486984883554392567e-01
-2.440441178740527128e+00
3.845824676143635990e-01
-7.617373558284987745e-01
-1.565572649172607134e-01
-1.581034218550920675e-02
