2.090070030848345251e-01
-1.515911896272154502e+00
-4.631096316927494905e-01
-7.936731679667757833e-01
-5.969977541331116661e-02
-7.613540068475705969e-01
1.276256012917920957e-01
4.428922538648036311e-01
3.538405018977288652e-01
1.402746291388511590e+00
-2.645131712403278601e-01
4.420527528210798640e-01
-5.568370520779447608e-01
-4.184380486934289323e-01
-7.915173762958277459e-01
4.557725658852430223e-02
1.114842068353675240e-02
1.472396436995916158e+00
3.008422200128682555e-01
6.257685115244525642e-01
-1.117843193067955321e+00
-9.961354430076253541e-01
-2.202257428212519574e+00
8.578740318435763568e-01
-4.971208134831028858e-01
4.597074812491686036e-01
-1.357278315965403159e+00
-6.743839147915011711e-01
2.211327038225705810e-01
3.789754317902809810e-01
-8.780996871663359071e-01
-1.123439009847631675e+00
-1.042310146990057529e+00
3.125167712086107108e-01
-2.111113651759175258e-01
-1.872544876962508154e+00
-1.710118191317826775e-01
-2.629618452094937830e-01
-1.184512398184577597e-01
-3.839415779839259191e-01
-3.713179646393045541e-01
-1.094427014389087599e-01
-4.784341680678452224e-01
1.068627528878128841e+00
-2.610106360722209140e-01
8.939802923210463659e-01
5.134376278280526895e-01
1.520942494716821081e+00
-3.126172213426349211e-01
-4.410442172226633484e-02
-7.861921297433882572e-01
1.808236466874230119e-01
-3.307902459503978543e-01
1.321860966080638855e+00
2.245699493380854533e-02
-2.966472592513875184e-01
-6.871844124556493183e-01
2.527492310530891628e-01
2.812349501972338128e+00
5.774777030004183409e-01
-2.302157039882630762e+00
1.067450640775994719e+00
-1.506344548591900034e+00
-1.382562079606441119e-01
6.361735206609938631e-01
1.105706937701713910e+00
1.632778986721889203e-01
3.433448482245533839e-02
-8.814167471756830796e-01
2.264056320401169609e-01
-1.285351686218203504e+00
1.416855456096465460e+00
9.483483245328199196e-01
5.457689809504393530e-01
1.839565304648970168e+00
1.223493416750504936e+00
-1.083878567052074082e+00
-9.344748413130880005e-01
5.371925803190671367e-01
1.488670183290830895e+00
3.295251196623146250e-01
2.240692095004663376e+00
2.544574605986719140e-01
-7.478974895694653346e-01
3.619334602598001660e-01
3.414041664302548962e-01
-1.977271918272511808e-01
-2.325316523818157233e-01
-1.980736238008065642e-01
1.085427408010962158e-01
1.827533092037487705e+00
-1.979202113838448573e-01
-6.300665146736171840e-01
1.651386572248032092e+00
-1.022450741834703081e+00
7.227352371758685168e-01
1.141111014729825568e+00
6.374635941814250639e-01
-1.186142349598202417e+00
-4.638743229711159155e-01
1.906127696536603633e+00
-4.367329147177759913e-02
-4.659279377796083921e-01
-8.092861746286736935e-01
-1.150683884393644441e+00
1.083176052695809854e+00
-4.796024694412828193e-01
2.096524091609338128e-02
1.279577727109705521e+00
6.005767963715080704e-01
5.910903666902539433e-01
-4.205160369901547734e-01
-5.342402614262288241e-01
2.699700904678890567e-01
-1.030367053836866997e+00
1.487530035957554286e+00
1.388710719955561779e-01
3.586156392077218813e-01
1.763778017015688482e+00
-1.534046968115148291e+00
2.042194182957866921e+00
1.834894489965188391e-01
-9.923006945412516933e-01
7.228867302073166412e-01
5.149783595765673461e-01
-8.111692163688122292e-01
4.898243911488346369e-01
-9.783688919334457834e-01
9.310769618642962542e-02
-3.470884869016295227e-01
7.969743353218892157e-01
7.482639783099400699e-01
-4.893776361419864829e-01
9.343592013142695274e-01
3.167415520489306746e-01
5.847135484140547623e-01
-1.444448693945278861e-01
-1.297260869856510679e+00
3.508997165545516550e-01
1.621335170125083103e+00
-1.823014324152297139e+00
7.105554095511593671e-01
-1.134664199156610653e+00
-3.253949245909866228e-01
-1.528095458562063191e+00
8.109131779417729780e-01
-8.324731072890635408e-01
1.514283354193010744e+00
-8.051711068988466335e-01
-2.589678545796272879e-01
1.170313564860915534e+00
3.647409986312308283e-01
-2.402835962794001579e-01
6.766964787981417651e-01
-7.506380895852922119e-01
1.933994512267151467e-01
4.526736160011829435e-01
-1.691401233006743832e+00
1.455158282547702964e+00
-1.128097543122643376e-01
7.157800634431044084e-01
1.125276047775141786e+00
1.497119468602661652e+00
3.336478020534393019e-01
-8.315365440270660047e-01
1.109227614385872362e+00
8.694038491165000382e-01
2.625439035758051709e+00
4.159386267354792110e-01
-1.206445890005182431e+00
-1.404513273957735287e+00
-1.340934953298064558e+00
1.125639333139255793e+00
1.716754735021334133e+00
1.659835088253930779e+00
-5.012600956478592273e-01
2.928259721801586002e-01
4.792369387121296342e-01
-6.424172855709741059e-01
1.520134122798310283e+00
-5.391486089994120823e-01
2.988822198370044148e-01
-1.569330589715437263e+00
-5.812777114999658767e-01
-6.336757613879688833e-01
1.384462554368531384e+00
-1.209274265637137052e-01
-7.562650717628882635e-01
-7.741763265027408192e-01
1.094158342558475827e-01
-1.643811305695768610e+00
1.143307314820505072e+00
4.071420156628398068e-01
9.044313507932687513e-01
6.112167649005471048e-01
4.378743731177181520e-01
-8.481560930978436774e-01
-2.888809264111359409e-01
1.395105900519164610e+00
-2.982858522765476361e-01
