2.228501960902862233e-02
3.519671040195140876e-02
1.801669626435403737e-02
5.383945870980653969e-02
4.607314764230330262e-02
6.749613828883403721e-02
5.952739353155350049e-02
5.912691044147377895e-02
2.802672366745220800e-02
5.852948746106872990e-02
6.082636601254429176e-02
4.085618941019000111e-02
1.645208106054910427e-02
4.384079832013364209e-02
2.022871019692491432e-02
7.452326460479252734e-02
3.656145837502298990e-02
1.722453781894169728e-02
5.376515360197046262e-02
1.524484238713107870e-02
6.914627516639609839e-02
1.851961328784757291e-02
4.467181717516552353e-02
2.280027624931401514e-02
7.331260126742233929e-02
2.794009960330157832e-02
3.445318214909528359e-02
1.629816335665025540e-02
1.558409553727185121e-02
6.612651183715093084e-02
4.801887548473580958e-02
1.511978966623891800e-02
4.352586260688663666e-02
6.058639876908313016e-02
5.955341522550171990e-02
4.851727362606444299e-02
6.509927960445116568e-02
2.046523430222414383e-02
1.892438429142847059e-02
6.837782175734616330e-02
5.765135937880844219e-02
4.900046043188107520e-02
4.502165979467399881e-02
3.721662200292984862e-02
3.801503620345765555e-02
4.109107394729438062e-02
7.990479654443403967e-02
3.935986639185438951e-02
2.686767534037610983e-02
4.020813907207491933e-02
1.753755452618708036e-02
5.069495799853761253e-02
7.689418104678738541e-02
5.286465437706960868e-02
2.172205681578184139e-02
3.620975087839805456e-02
2.140559587278963866e-02
3.987951844242404453e-02
5.796618564776405413e-02
2.152205933504957452e-02
5.376101561882909441e-02
4.211416905821387113e-02
2.749693045721914031e-02
5.301887891498011790e-02
2.287147841447514929e-02
6.914733090138007465e-02
4.597530768644276372e-02
6.187449120344472309e-02
5.221500529526552220e-02
3.568024420781867184e-02
4.045702282766110158e-02
4.136056252696815316e-02
2.294318103131252895e-02
3.551062295378464018e-02
4.732950887192449024e-02
5.650684764392549519e-02
2.383508251506784997e-02
4.255461984409959764e-02
6.799241669169646396e-02
4.344798751639632195e-02
1.538481941303397951e-02
3.429458766855657259e-02
7.924637779505261381e-02
7.369971640224540210e-02
1.708797778340461967e-02
7.489616021708220273e-02
2.587870722425473016e-02
7.592212185550129000e-02
6.011911919234138452e-02
5.635705511200334722e-02
2.981818256361415051e-02
2.370286890250954126e-02
5.481089844372141057e-02
2.140663618282879696e-02
3.484170380786598409e-02
5.136511713969597187e-02
1.709602130125776817e-02
7.607958707785555941e-02
1.654006002180085158e-02
5.492608744725772235e-02
6.337308114127471192e-02
6.112911153124848257e-02
7.963903785107719069e-02
2.888741620994810660e-02
6.739896996383010208e-02
7.758239844782240102e-02
2.756285122287045058e-02
3.458932898362681446e-02
3.629359561268121620e-02
6.238602829097399799e-02
2.111812251785878322e-02
2.682440398163346909e-02
2.472954201227676660e-02
5.841977835241386752e-02
3.501621013322666481e-02
3.144997796136868307e-02
2.398942365886857359e-02
4.406885164631080265e-02
2.479755421468388121e-02
6.863976449622602449e-02
3.759461871556292467e-02
4.616825402132036793e-02
5.618503302963717694e-02
4.478742318310136028e-02
7.907345221095748999e-02
7.379343066083773883e-02
5.336524184559475470e-02
7.846186065594551451e-02
1.825092508257660298e-02
2.750352392779970012e-02
5.694100268346526800e-02
1.591998058605464256e-02
4.880531702552693557e-02
7.729385703928912110e-02
6.293870299392004264e-02
1.560591699001312969e-02
7.047182203674562384e-02
5.938439641490184107e-02
5.855447483154749971e-02
6.392775045183896054e-02
7.869930125056630310e-02
5.432007228085190126e-02
3.525851058038860508e-02
1.796558011874427319e-02
4.176045985796288107e-02
3.001521763677650681e-02
5.050537138976586571e-02
6.303100100076522438e-02
6.431573360315320786e-02
5.826148406437821337e-02
5.126381273699558150e-02
2.420640215029191966e-02
7.801732211098826031e-02
5.906316307552056388e-02
4.061774599278364373e-02
1.863835414861890472e-02
7.733919333346855884e-02
7.794678870848405217e-02
3.647482441159891758e-02
7.130668088495878409e-02
4.109694435349728336e-02
1.904272686907366313e-02
5.311741965630992907e-02
3.071817093519330424e-02
2.060099345877252144e-02
5.296359749874290229e-02
3.811008832871066315e-02
6.189755859728712784e-02
5.374220021644308953e-02
3.767090578513832000e-02
3.849343321433761067e-02
6.213363727609302889e-02
6.214184788032889317e-02
4.536816046859888651e-02
5.353578683237556618e-02
3.870796916809407517e-02
3.291272096371661987e-02
5.520089021718668776e-02
2.229388248061638100e-02
3.062351705191908302e-02
5.244034655056111632e-02
5.628669052351024937e-02
3.357264272848795028e-02
4.463731671945435353e-02
2.243454114843472166e-02
2.716089497535418423e-02
6.070765070151125375e-02
4.377733387530105547e-02
7.134824050977783827e-02
5.230938007814225910e-02
6.048872850371572740e-02
3.847969422684406615e-02
3.713309513502616871e-02
7.282274494714512103e-02
6.185517893924270122e-02
2.273157071950810196e-02
6.105657610855946132e-02
4.685598611592895618e-02
7.998703372385487786e-02
7.381213133859293452e-02
