1.422181802857572230e-01
1.843611784143207588e-01
1.634076326225755993e-01
1.629540152233963785e-02
9.820868696520855534e-02
2.418152800595091967e-01
5.580293063243377955e-02
1.548770968117837432e-01
2.024697551003764584e-01
1.308215994501744917e-01
2.121993639593050263e-01
8.058684973243281091e-03
5.086326033154949661e-02
1.563406341947560507e-01
1.716855178964757922e-01
2.187723922009779109e-01
1.719540960479939151e-01
1.009290622696445289e-01
2.252108249274241691e-01
2.231735712615292577e-01
1.355177116078967736e-01
1.463826386890177966e-01
2.254198900421873486e-01
2.097912553856421669e-01
2.190452499679838017e-01
9.998444624570296257e-02
7.560821614544574465e-02
1.809999297466432788e-01
3.198671663940273746e-02
5.228521870753485845e-02
1.108708083473915890e-01
4.977073619660773475e-03
9.794931743975340832e-02
1.664183279274095428e-01
1.431685660427652051e-01
2.186022453543172150e-01
2.435800367628359331e-01
1.175058825727766793e-01
8.080245749152364931e-03
6.344596674223891564e-02
8.689741395836303450e-02
2.118589093655583178e-01
2.150976480035646510e-01
1.277390218794005085e-02
8.027258966141530283e-02
8.219565031374322095e-02
1.993610796132319965e-02
1.995151581666897433e-01
4.575704650008245028e-03
7.167766432840860791e-02
