3.173992729972538451e-02
5.425192207858388349e-02
2.519084281750644944e-02
5.464078133999492742e-02
7.282876029455290223e-02
6.397521507400594221e-02
2.196690023471711134e-02
7.767912964632682493e-02
6.676546778738054466e-02
7.071027724931902569e-02
4.144463054677523239e-02
2.375241725384533154e-02
4.166346016917571449e-02
1.845149700776495608e-02
2.757064075585091353e-02
2.795788090599746895e-02
3.597734253925849446e-02
3.945210034974125368e-02
2.310449683772241788e-02
6.295229258702997321e-02
5.959693931251035248e-02
5.614253188949816509e-02
2.271860299534977229e-02
2.520100031125215717e-02
3.748023071463807421e-02
3.804375453921492872e-02
3.012272524327935103e-02
6.501489138191078598e-02
5.438332991602968375e-02
2.354976456626291931e-02
2.731637360462550734e-02
4.683352461785880022e-02
4.711440594264546672e-02
6.018240750296470487e-02
7.189866445254777805e-02
6.057005440797356283e-02
6.040658358471697603e-02
1.517868182981450126e-02
4.358857948421039630e-02
6.029519536680619934e-02
7.335920174887786138e-02
7.437018179325130540e-02
1.891500026421162606e-02
3.795381501685608089e-02
6.136053005835448437e-02
6.604177251847649643e-02
5.825795558704939536e-02
6.149798382739975894e-02
3.340504648452896630e-02
1.777034525666419326e-02
5.388310844124523380e-02
4.095344207333585784e-02
7.501622867045230902e-02
3.791057852945446671e-02
7.479626187884338973e-02
1.994024478182236312e-02
2.695311702926664679e-02
5.233993994584099085e-02
1.684390682656893706e-02
5.269609981147050509e-02
4.323089024018048065e-02
5.256675224528907509e-02
5.981451276354102231e-02
6.408010780057527001e-02
4.802276368645898991e-02
7.260962200154272295e-02
7.478763793049766906e-02
7.632427599224012038e-02
3.944326697777635060e-02
4.705095446125782954e-02
3.190266839957787981e-02
6.813813637204207962e-02
4.616514234221840568e-02
4.954799082916361980e-02
3.502481629771349303e-02
2.621311911612735079e-02
4.722299494688611543e-02
4.736338979989564851e-02
5.298531242338213459e-02
7.876628664193359441e-02
4.531103800305526924e-02
2.664989376458085091e-02
5.634286681350487991e-02
7.067267589416792450e-02
2.547544761429432203e-02
2.031593488741557929e-02
5.999664724019426743e-02
4.807565384550253895e-02
7.256988506768068115e-02
2.819672876547806017e-02
7.764930343306973570e-02
4.826594594430402840e-02
3.794484706879719393e-02
4.593321295767570367e-02
3.617020439932319698e-02
2.155916421549919360e-02
2.778448673613887962e-02
4.410219570741490125e-02
1.603345657749381467e-02
5.968440654730591821e-02
7.234651524360258268e-02
5.577840537034788743e-02
2.417554163308547124e-02
6.754383383826231824e-02
3.517652853063914925e-02
3.485485387291268472e-02
7.075535893425061174e-02
6.292670896868170216e-02
1.763555021645029849e-02
7.960894166603596500e-02
7.884974115994426713e-02
2.083671031655263614e-02
3.886656844744042910e-02
4.133407162821247510e-02
2.529884195965082655e-02
4.057715105548490714e-02
7.653988757439005031e-02
4.462962758247498996e-02
4.106108618893341417e-02
5.233739720438921467e-02
5.981835398211075849e-02
3.173988110305984989e-02
2.399155132501786317e-02
7.810557351996323672e-02
7.334446590464824278e-02
4.964339316782460931e-02
4.113850521388798254e-02
6.910275530028335556e-02
7.784801333090483888e-02
3.436251887530544780e-02
2.328217616475193597e-02
4.517507875398298067e-02
1.649272414851768800e-02
6.983760850375744789e-02
4.421520716269330964e-02
3.825071332794605095e-02
4.179028669652607580e-02
5.911240502720949835e-02
7.867766270244432036e-02
6.372552820940258211e-02
6.133825305624469176e-02
5.990291828057034418e-02
5.223584462750639063e-02
5.872888353511088178e-02
5.713704287779657748e-02
4.812142477630727833e-02
4.201303738336591154e-02
2.243561294326181302e-02
7.823308345780741191e-02
2.961924644565269715e-02
4.432080624761697285e-02
1.672420034738466080e-02
6.061562421867204564e-02
1.850500617447404378e-02
2.187476415530753560e-02
4.921967339332460750e-02
3.086413145213409009e-02
7.714622147246193162e-02
3.976744726683120040e-02
4.958921791889827485e-02
3.228033864642566864e-02
3.284915332441182279e-02
5.503256984165755955e-02
6.622474784729423525e-02
7.690005226751484013e-02
5.137119952203118151e-02
5.027822550824365827e-02
2.266341318669748070e-02
4.855207185131280717e-02
7.525409478217309767e-02
7.771781809515139472e-02
6.375736227106004739e-02
3.348737903578022368e-02
7.338697798673250727e-02
2.509218164566596326e-02
6.220874307028846639e-02
4.108504200333190637e-02
5.257992145590086042e-02
7.425512890797369980e-02
2.441130626231975687e-02
4.911628288029439016e-02
2.481993255218142846e-02
2.523187341185121474e-02
6.482543746899227521e-02
7.665003736178505056e-02
1.794381791856685879e-02
4.400019696079131293e-02
3.527548760755454954e-02
5.773030571163548924e-02
4.497159373906847724e-02
6.814903932567539790e-02
7.967851109351160865e-02
5.609044416614063916e-02
6.712948396291727737e-02
7.742401884570884740e-02
6.118539233355741597e-02
5.295037942497290290e-02
1.581581572558708043e-02
3.892867810301478548e-02
1.584952677079796285e-02
