5.333979883227740748e-01
3.055655808056630396e-01
3.041844939540247483e-02
7.891249536245863172e-02
2.744105301726818547e-01
4.514049576968124367e-01
1.868572530184903768e-01
7.201392898603531378e-02
2.624921555329233231e-03
3.757423518048414596e-02
2.217760362437070920e-01
1.032069088997717050e-02
3.732998523894641707e-01
5.887480340835936632e-01
2.057518006690867499e-02
1.094767779738546054e-01
4.186470471137702931e-02
4.853978743810934970e-01
3.195911605316738291e-02
8.372798932140114447e-02
8.364740772672131508e-02
5.039478752865925865e-02
2.131376630821759377e-01
1.168205556539700707e+00
2.445349447500455020e-01
2.500794835647823788e-01
1.621712708644573731e-01
1.735437566243852314e-01
4.389263971920753238e-01
3.469066217438911415e-01
1.250823775958259110e-01
1.214436662349843710e-01
3.011229918426162541e-02
5.433549652973447275e-01
3.842260006571490000e-02
5.205964619745861305e-02
1.640317676625882293e-01
3.343424798249982066e-01
3.249870937324967346e-01
2.455015287676726721e-01
1.861307795171368573e-02
8.116705071873279997e-02
2.603792551433267710e-01
2.547269329055736331e-01
2.196371532239551061e-01
1.286677277394542573e-01
2.854821069823776925e-01
5.866519934410276832e-02
7.493228092597950529e-02
5.176782265963355556e-01
1.875687133690139702e-02
1.613484892864244513e-01
1.977503493927971756e-01
2.562130895863279356e-01
9.863846088129284151e-03
5.499126083896647282e-02
2.496148066211544558e-01
5.393427263903072255e-01
1.009893022051428502e-01
8.731009239872315753e-02
4.314112582434832532e-01
1.553244741239525883e-01
2.794035754674709104e-01
6.900100942051451414e-02
2.847600376981898607e-01
2.541548782566330211e-01
1.483395958848106148e-02
7.935319916095343595e-01
1.333185148977726608e-01
3.544262453469636531e-01
1.301417166349810584e-01
3.187610094976814357e-02
2.713644029546889436e-01
8.950622378238622112e-02
1.375092896678239696e-01
3.000863525789999597e-01
6.857924429656335474e-02
2.915209951835299185e-01
3.884691084450058174e-01
1.443034540028100554e-01
2.023308250772752268e-02
1.616944884888767420e-01
7.885868427750898635e-02
5.739140436973674264e-01
2.000552472972983165e-01
3.056651309031633776e-02
3.066073744471500828e-02
5.058203461294016184e-02
7.247481492411593507e-02
4.835981141605246239e-03
2.757513731437131188e-01
9.690872491475596151e-01
9.134343185983158364e-02
2.698061910999849933e-01
1.927883497402021196e-01
5.009271237658698972e-01
1.171246541974015482e-01
4.109550657518337702e-02
2.540045703312562297e-01
9.606268188043600928e-03
3.420230315586256231e-01
1.097168311797241058e+00
2.426662628606821859e-01
6.022610122274251777e-03
3.959888844971073095e-03
8.276182769380156790e-02
3.031121819585464450e-01
3.123474953938461529e-01
1.457533261433116047e-03
7.935446891936949465e-02
2.482833058055562980e-01
8.888303967632811553e-02
3.466616286830935256e-01
2.363490010462596103e-01
1.042573107995445059e-01
2.506060454337412646e-01
1.841870172593474964e-01
3.819752710692218139e-02
4.614229580712249090e-01
2.406778583672072869e-01
1.290090331884376773e-01
2.623069286678068046e-01
3.811577774506886285e-01
8.651060690133080544e-02
3.053038799041626339e-01
1.059748193901309671e-01
2.213584140943036793e-01
5.458189887037526861e-02
2.070510169096526631e-01
6.664675626569506461e-02
6.185261265352658827e-02
5.135415821294718464e-02
3.030627505963111590e-01
1.912643388122840238e-01
8.391202959062057931e-02
9.162982202953262600e-02
8.126766352720428410e-02
1.650041770554090126e-01
5.035006701750120717e-02
1.511290075901659813e-01
2.099499376488186131e-01
3.949953495825918037e-01
2.666394422982864554e-01
1.246942683185302825e-01
1.501556503494345385e-01
2.063605865318539900e-01
4.705651238350407051e-02
8.788417385304145846e-01
4.122187369032902921e-02
1.655323884605737206e-01
1.593293360420348637e-01
2.395405894081324150e-01
6.672728630758498203e-02
2.427550082276032084e-01
4.251683010260044471e-01
1.656633712664416502e-01
7.709948722284461209e-02
2.383315845414387679e-01
2.837804002525616820e-01
6.133334132565756297e-02
1.477960370447583410e-02
7.921405171662537770e-01
2.232171706830642366e-01
1.336209944365316926e-01
9.504959757086359207e-03
1.927922301298887753e-01
1.825803659521393896e-01
1.246472421076348508e-01
6.648948340360848891e-03
8.790698512416786348e-02
2.551303052618222877e-01
5.164132959752867902e-02
2.374827539540270149e-01
5.682996136443005386e-02
2.890038517840767276e-04
1.201201311061509680e-01
3.605356480094601968e-01
9.773326706900579974e-02
6.932741890378100180e-01
1.453366187566973722e-01
5.266592196506707929e-02
1.525255213318316427e-01
3.943020185239260456e-01
5.135281426580207143e-01
6.814055403136628497e-01
1.868909721155386783e-01
4.521202592263625503e-02
1.848379561790313153e-01
2.124327091061121442e-01
1.569275595890680941e-01
2.953747195418958138e-01
1.059475474240046816e-01
1.973247036364965956e-01
6.131551877846697779e-02
2.845157854217045257e-01
1.792127146278824912e-01
1.270224433632370295e-02
1.071788924499086082e-01
9.283326864079644025e-02
1.105724648704419499e-01
