3.478968651974280735e-01
2.460006010609708527e-01
1.898132163185636823e-01
3.894045509696988927e-01
5.728523740740243397e-02
2.642041402243291981e-01
1.150592990530391845e-02
6.830488615855891121e-02
4.336908167961625073e-03
2.761317679433740735e-01
1.709443196898562389e-01
2.566212244757146502e-02
1.236439504515597781e-01
1.277729232843635432e-01
1.164399648835087731e-01
2.372085843970106744e-01
4.353561848761993147e-01
1.699606522916298768e-01
3.648253616563294499e-01
6.025401723530673381e-01
1.457553658017180509e-01
2.158613876535201426e-01
8.842111334727648098e-01
3.474923817601227594e-02
9.538066850132935481e-02
5.479276269759096873e-01
5.638959804384557906e-01
1.111881474916514151e-01
1.159090949576474239e-01
4.940003187493511305e-01
7.962836927939714871e-02
9.586706213589848979e-02
6.543109215391700317e-01
1.067820869579467064e-01
1.011373271903667076e-01
1.904342006838101731e-01
5.509337164023057898e-02
8.996829096435984829e-02
1.503247666675118221e-01
1.254023717012862638e-01
4.328455647321097222e-01
3.334126040127601831e-01
2.637963288870363021e-01
3.026951256027004752e-02
5.820508232272384452e-01
1.481672768324162615e-01
4.210187217881046218e-01
2.176141136351953942e-01
2.910474966193410395e-01
2.561152797786570567e-01
1.552634368783289698e-01
1.396106689744099905e-01
2.076219319273627795e-01
6.163875896024478829e-01
1.288754109167548623e-01
5.497998316878563996e-01
1.620932571812052844e-02
3.905417782750829347e-02
8.879685188391597817e-02
3.214950284097868871e-01
2.905417946445610494e-02
8.654112591292523193e-02
3.136790833622777885e-01
6.145276488480454213e-02
2.413617074198512458e-02
1.374756573659567938e-01
6.991532114706671200e-03
4.373166254744879217e-02
1.734798518961119806e-02
5.626039490383007852e-02
5.792360208333932614e-02
2.329025750523219807e-02
5.852833972538613594e-01
6.566269866056038962e-02
1.126262306461377344e-01
1.790085037030903770e-01
3.649639353146478804e-01
8.476580811770444146e-02
1.413061541740825156e-01
4.917957265560240349e-02
2.013553256496348207e-04
1.721713226812318087e-01
5.109834449060841194e-02
1.213522527824495018e-01
3.272457809399057505e-01
5.819314606756124109e-01
1.418229186451545410e-03
4.562912901024026580e-01
7.162886682222560086e-01
3.393739619289961595e-01
3.982405170900630426e-02
3.395196846943058372e-02
2.073993327305315767e-03
3.570267094402330699e-01
1.139572447295441465e-01
1.787706051723638237e-02
1.254046418477515190e-01
1.582805567788512233e-03
1.661339045075090892e-01
2.137093262470599331e-01
5.554171261710687257e-02
9.346350939405535796e-02
1.143725349747821279e-01
6.372237536148459003e-02
6.687042174123477567e-01
1.390795989806678035e-03
1.142646543716547142e-01
1.228878831187747572e-01
4.820809325600955431e-01
2.138513277226781473e-01
9.467755658664667173e-02
7.037319003910774695e-02
4.697029088507858607e-01
1.716291005013673154e-01
1.708102406610934876e-01
1.536055163306236085e-03
2.853788227696712476e-01
2.718375496833547733e-01
3.127988674766354338e-01
1.195681921396564429e-01
5.423514599522158419e-02
4.427515818830843886e-01
2.178972954015573893e-01
7.620041758965384604e-02
1.031135966176572050e-01
1.805719600585513618e-01
8.595905310001589542e-03
2.518535428749712479e-01
2.024433279712657408e-01
1.308997610109218779e-01
1.219512905840694078e-01
6.291757487489772760e-03
1.015467771080087900e+00
1.418482656653017870e-01
9.273586940506542420e-02
1.108961759133284125e-01
6.781974559268707514e-01
1.211288453110326707e-01
2.029868944816853316e-01
4.433290689958577224e-01
2.172460079557159973e-01
2.943638903279942667e-02
3.647831036357273016e-01
1.578819861186930296e-01
1.435320967002845505e-01
5.819709282544264367e-02
1.220328134073162263e-01
9.441934771914359814e-01
9.227841517174279612e-03
2.904985943254902864e-02
4.527645873721339309e-02
1.138198697145870880e-02
2.916635980293709740e-01
2.160184233905717843e-01
1.985401072042366488e-01
4.417404529873807939e-01
2.326335688224364651e-01
1.930504450324496135e-01
4.769110510447994167e-01
4.859294308994232398e-02
2.961098444805703722e-01
1.700151026775207352e+00
1.840393163366152718e-01
2.756451731179715425e-01
9.153790621658089779e-03
2.677525595893344157e-01
1.693522249409444526e-03
5.826850383077235990e-02
3.607123913656629099e-01
8.955179656239123376e-02
4.446587163500667073e-01
2.243298710107212782e-02
1.971271713477567022e-01
5.019000899530470100e-02
2.194482474463228805e-02
1.306415344597782607e-02
5.767633491711703364e-01
4.094973583597300570e-01
1.599843264584576152e-01
9.920035301427343466e-02
5.381709367296130114e-02
9.634247646690334566e-02
1.130509122929456746e-02
1.773071041835864170e-01
1.399644323721549281e-02
7.915403015208749560e-02
3.252663682818381086e-02
3.142762744251051954e-01
1.994517204577157810e-01
3.771916669069504124e-02
1.637109068024177050e-02
1.837632380304591584e-01
2.063116851962425446e-01
3.324674907912049115e-01
1.025827684122709166e-01
5.070663570232623873e-02
1.737244662119656335e-01
7.041370436604711507e-03
1.353344937903553924e-01
4.881750945965637745e-01
