1.673353696278869970e-02
6.215684866834041145e-02
4.692757661547400372e-02
6.830131378433637601e-02
6.295497027177837657e-02
4.657801269229826235e-02
1.783441641309735717e-02
7.004145271256090322e-02
6.781761493397497897e-02
6.466995396426022946e-02
7.417043874136605708e-02
6.396214170938965826e-02
6.025401344170912971e-02
2.893589651904525384e-02
3.768846293038884132e-02
2.338061629394630470e-02
5.764938173966943635e-02
6.086436325358650368e-02
6.220242565140807200e-02
2.926001095615261144e-02
7.273812604020572781e-02
6.696028400239058265e-02
4.646226068690202660e-02
4.938896076390685008e-02
5.861957172086797868e-02
2.062935992024786391e-02
2.241459183397082749e-02
6.868641903564096096e-02
4.526378213524978600e-02
7.425103682706951647e-02
4.605168380550392349e-02
6.122291176555733766e-02
6.721812038092225827e-02
3.756651543863785692e-02
5.151861127181647793e-02
3.503177861156345219e-02
7.632500483395834867e-02
5.506736088814189606e-02
6.231871283829917840e-02
3.169049913956343417e-02
1.696939960875403636e-02
2.452690628407034820e-02
5.141556234002837150e-02
5.626454564686017568e-02
4.222818353103040961e-02
1.861274516752626021e-02
6.126030437185760180e-02
6.563443878026446743e-02
4.141410117889565701e-02
3.728922377642417130e-02
7.437400336257958544e-02
4.123874677580202652e-02
6.505544212495598111e-02
5.946114718024680251e-02
4.641343417411181171e-02
5.643422509090427475e-02
1.906898554299651938e-02
2.772144261226965056e-02
7.955057804932891274e-02
1.805802108725542213e-02
5.058261914430054601e-02
2.698269531524007114e-02
5.823120874075165404e-02
5.007821552005616017e-02
5.767123300592331969e-02
4.839024843753494259e-02
5.446421748670330493e-02
3.169170717554556371e-02
2.670481380467029653e-02
4.369389128068537631e-02
7.983627871982779123e-02
2.566879806800473340e-02
7.190397559447037068e-02
7.877367861478830335e-02
6.572713083815530377e-02
4.335775065632940795e-02
5.419011065117059628e-02
3.683158576334776696e-02
4.721012937679713861e-02
3.378201029826274904e-02
4.118859402969450578e-02
4.695423928467544472e-02
5.718873147095823034e-02
5.832395921065902655e-02
4.938281188018527057e-02
4.416255897496888794e-02
3.574552553001732191e-02
4.905856422821982393e-02
2.721712709245266426e-02
4.294541948286305366e-02
7.186168287767286111e-02
3.016160215696207791e-02
5.753563466885688871e-02
2.005920952215992439e-02
2.234595130724227954e-02
5.939751999896253354e-02
1.692979408015114762e-02
2.062716623919011796e-02
3.491572127782230361e-02
3.598508637261596532e-02
4.877700450180404851e-02
6.814242669207087877e-02
3.868163122571982582e-02
3.570244051437564126e-02
2.824505097322955322e-02
5.394076722107687266e-02
3.569028772153780282e-02
6.083143965480554416e-02
1.588648878613476909e-02
4.571535668030737160e-02
6.448855806883208031e-02
6.730792278578728860e-02
3.203423967793699034e-02
3.602598781937599304e-02
4.014287377559663805e-02
7.535065714339535259e-02
5.877003140823759686e-02
6.764389769197282076e-02
2.517965075527171803e-02
7.906211103810963092e-02
7.211497347748133113e-02
1.622240346692165394e-02
4.012778549712745640e-02
4.757657774842850851e-02
2.857302572447373984e-02
6.829067643667274812e-02
3.641579507337408539e-02
4.106938923039075984e-02
3.610018289584525364e-02
6.132738548914177384e-02
2.492555136806778177e-02
7.068240592043675830e-02
2.965591777581004507e-02
4.904721676798471514e-02
5.200586417372112663e-02
4.890792242995043587e-02
1.525389783987495494e-02
7.877164382911804041e-02
2.773133710369089094e-02
6.051205434261427291e-02
3.744238864556696800e-02
4.811711657234827438e-02
2.893216589628783142e-02
2.980216070631047653e-02
6.131708085191023283e-02
6.036767709855037078e-02
4.442008068399611043e-02
3.021064715281392143e-02
5.769842527935518939e-02
3.254343416861460447e-02
5.553529150103028722e-02
5.672040458795497148e-02
3.567547089125368276e-02
7.667731481768677582e-02
5.219291938500422029e-02
2.502277981493096493e-02
6.303894814312113737e-02
7.464249749554696667e-02
7.878607373667489977e-02
5.748675788868587433e-02
4.905307989187379647e-02
4.104186698300640868e-02
5.867666725947121714e-02
2.505390037474966580e-02
2.666155395464128025e-02
6.040754131666174753e-02
6.383511347626225074e-02
2.282114045933059804e-02
2.399570554003637585e-02
4.626653810743452944e-02
4.888817614372922143e-02
2.713124931470919585e-02
7.351718774081286711e-02
2.846618517556452274e-02
6.992423015590715218e-02
5.581507299717660547e-02
7.493405689693793947e-02
5.707538837403946380e-02
1.608592495262139641e-02
6.746619776476078800e-02
2.591301517291973167e-02
2.594693198958418490e-02
3.076235785551659219e-02
7.258550624330058210e-02
5.767500814765841310e-02
5.360009531978629505e-02
2.726142481237220708e-02
7.953946682604967622e-02
3.936344651907211500e-02
3.604630884723557943e-02
3.102943556627293931e-02
7.365858331902624956e-02
3.152578870399548594e-02
1.734904750250204630e-02
6.440805408707089841e-02
2.935941047111318217e-02
5.399871148120286707e-02
2.809106569552471955e-02
1.561449830976804551e-02
5.576709616880932280e-02
