-9.744471483012245860e-01
-9.852581582916629666e-01
1.951552425102801025e-01
-1.486134396508574484e+00
1.064919530051983143e+00
-2.154112648425559329e-01
2.802179451853846093e+00
-4.265220852435961385e-01
-9.015794232972923483e-01
2.642325598964558320e-01
-8.413037421741052790e-02
4.051424054700479283e-01
-5.872978831595352389e-01
7.720397924686124569e-02
7.471755571827686238e-01
2.256686652790820813e-01
1.223991891983162272e+00
4.506739241461917844e-01
-6.097396391125112780e-01
3.001861475320662109e-02
7.315629733033941484e-01
-3.065293605494877061e-01
4.252645753782766103e-01
-1.126887203183628783e+00
2.436176047532377098e-01
-7.692911305452521109e-01
-5.464361402089228381e-01
-1.392450945450697475e+00
6.670416377588769263e-01
1.637266340433175815e-01
-1.061197425761635449e+00
-4.593810072670518468e-02
6.419557902743399103e-01
-5.217784719727047715e-01
4.779739882420438457e-01
-9.543371231434230051e-01
1.045625341502322669e+00
-1.940628739797656266e-01
-1.319200018522862783e-01
-8.851148025193149582e-01
-2.082564556905930786e+00
-3.934408667499973977e-01
9.708775795233463013e-01
1.075539922506391077e+00
7.786226283635803991e-02
-9.364724229479348683e-01
-1.293361438820322430e-02
1.293055149213683919e+00
-1.040635293101971781e+00
-1.320482545882153413e+00
4.989340634101499528e-01
1.048854281649358455e+00
-1.172497659663551461e+00
1.274415475594061098e+00
-1.306672895224999742e+00
-5.590585613030090162e-01
-9.885191102967276766e-01
4.902595655131285479e-01
8.831976958738229078e-01
1.066445888861999453e-01
-9.908286051387629190e-01
2.766982763557125358e-01
1.542972448143147934e+00
1.517133303001626299e+00
1.333615081929278245e+00
1.393004641288722922e+00
-7.698391492332127273e-01
-8.788674697516849488e-01
7.211896786802329817e-01
-9.382918229440984081e-01
4.134006035492015507e-01
-1.627005547262373675e+00
-1.194201511089558743e+00
1.004341884927497430e+00
-1.020313607099546882e+00
1.502276558628990788e+00
6.375096305569283306e-01
-1.995338236300378210e+00
6.724021522168741050e-02
-5.077688927663566096e-03
1.077886549215255840e+00
1.193775496501335409e+00
4.870823719970717725e-01
-1.846622094840410788e-01
-4.837325409141332577e-01
-8.847297752385181457e-01
1.067620476804821639e+00
9.674658328336198654e-01
6.303621701176499448e-01
7.233853602603697031e-01
1.609261115225055494e-01
-3.045372755929160569e+00
1.862150874564633962e-01
2.272575601761495534e+00
4.843722016203618197e-01
-2.131911922329509657e-01
-1.053714052984538130e+00
-2.644378998871100422e-02
-9.729503196320249403e-01
9.972115470217638444e-01
