2.789382430861708784e-01
4.718159977389087545e-01
5.529816592893382204e-02
-1.190357368045978026e+00
-1.691713748775252713e+00
-1.580811903111408956e+00
7.615638935193431713e-01
1.058472666947595009e+00
8.161628081601118856e-01
1.045146533766000196e+00
-8.339098519249963370e-01
3.776996175820797053e-01
1.479058157615009250e+00
1.228786905817804032e+00
1.601783469842763097e+00
1.893605675030175073e+00
-4.872616296515061007e-01
2.859098571824880697e-02
5.513378753017971201e-01
4.018776223564540229e-01
1.042926476455073415e+00
-1.238294785728064618e+00
8.462818817851196912e-03
2.868844776193431034e-01
5.493463258931043786e-03
-7.553094251215213273e-01
1.101245371727000322e+00
2.108139533535346999e-01
6.748240877969259310e-01
-7.860272169320785263e-02
4.468684846209241557e-01
1.211706645564309737e+00
4.906992489673244195e-01
1.181897712278582729e-01
1.700557729978878774e-01
1.153400456030297505e+00
-1.482202810130888171e+00
8.767471912718282079e-01
-1.432292597511324539e+00
1.964138165973042856e-03
1.074382038271657791e+00
5.704273032744243688e-01
1.387194167776962361e+00
8.762249268943470004e-02
-1.042528975061546515e+00
-7.744994890472473026e-01
-8.237995012006323892e-01
-3.943943076479533016e-01
1.837128447577416335e-01
9.936653242609677639e-01
-8.364366259025421968e-01
-3.747131831029819060e-01
-1.828289926128237042e+00
-1.609059928202210665e+00
1.500414331025686554e+00
-3.892533989882805967e-01
4.446437704145023151e-01
2.114559045882386190e+00
-4.689831412376546660e-01
-1.650050571258636856e+00
-2.269786522350449587e-01
2.626137198671273598e+00
-1.866990124631208170e+00
-1.811291406881558944e-02
1.117487312692918122e+00
1.789624562250632378e+00
-1.440889229343599087e+00
7.765709078161145973e-01
-9.794859395395108526e-02
6.619174100473255162e-01
-1.058117949950583059e+00
9.388407002195439111e-01
8.783005831966234078e-01
-3.581637813159206374e-01
3.245450357441868050e-01
1.062114470106204411e+00
9.903851048562792858e-01
-1.080101694850847949e+00
-1.150176510821179665e+00
1.246715925252797064e+00
-1.262494647250307356e+00
-7.666836085772290588e-01
-1.349727867143446725e+00
1.259481365677828979e+00
3.051251707427537485e-01
-8.445659754248961981e-01
-8.549394397687372360e-02
-2.197838480514768378e+00
-8.666683461750677164e-01
-1.894651059037109508e+00
1.051443539383892789e+00
-2.249242847691381442e-01
7.696265466765580543e-01
-9.097897626411075578e-01
2.558978910323957412e-01
4.555629846728016102e-03
1.883255726715820533e+00
-1.287319077053492133e+00
-3.655649537381048253e-01
-8.488305110774921891e-01
-1.558746926560696577e+00
-8.570840549716213230e-01
8.777879395425339792e-01
2.077840968246492448e+00
6.297432152309783149e-01
2.828308080156608645e-02
4.406645144634475653e-01
-8.432244145222435039e-01
3.240474292006601531e-01
-6.272870602747543378e-01
-6.064352579908371954e-01
-3.754093068300969893e-01
2.587930293170137008e-01
-1.304720174836542679e+00
-1.806780626461085004e-01
2.492280804475008438e+00
2.181300744822502191e-01
-6.941043533456422998e-02
2.978586866868198624e-01
-6.655592737416399229e-01
-9.216442680025892509e-01
8.132863743026641501e-01
-8.789057621025626599e-01
1.345962748142665033e+00
4.698537957989827873e-01
5.925640389725745499e-02
4.426039760339605111e-01
-6.428053737607233864e-02
-6.462536433050299900e-01
-7.365406117249451157e-02
1.465998569093775010e-02
-1.692268000931328009e+00
9.623699770259772079e-02
1.030961679510953966e+00
4.928977437722628085e-01
-1.810865920637136084e-01
-1.396655936229840078e+00
2.796616528081236064e-01
-7.390018186908071662e-01
7.431077383260716873e-01
2.094013718998062323e+00
-3.358064991783596964e-01
-2.155448781676951420e+00
6.295967459813343048e-01
-4.107049313700965043e-01
-1.369797445506921063e+00
4.334957767907216541e-01
-5.618339449804979902e-01
-8.805029375499227040e-01
-3.113014117260556324e-01
7.440029374933264661e-01
5.945657234649152079e-01
-4.359996264697563184e-01
-1.130004319911069643e+00
-1.295472528110379606e+00
-1.503308474513488591e+00
4.918555059753133007e-01
1.026001842606929060e+00
1.586354383715624788e-02
7.686300202549130045e-01
-3.811920817169984349e-02
-5.133131450935919382e-01
6.845863338721711600e-01
9.852405095222549480e-02
-4.053676302111027252e-01
1.477762612653842067e-01
1.396238063080068814e+00
-5.845904646640446289e-01
-1.207892438655898903e+00
1.485819736905216848e+00
-7.021215464562063913e-01
-1.337593442505218500e+00
-3.288201348835797511e-01
-1.258475835707026702e+00
-8.628965372769364928e-01
3.522950432850027735e-01
9.600447016787651000e-01
-5.632279905965592581e-01
-5.905529587013143011e-01
-5.856161475489215507e-01
-1.727558748147058343e-01
-8.432319031941309939e-01
-1.886635928337212775e-01
1.010658396887397364e-01
-4.348272324848883041e-01
2.684944652378130070e-01
1.405624377731736208e-01
7.703368755850622529e-01
-3.895867749619842946e-01
-4.615635453628207929e-01
2.441617789808216976e+00
7.205253897605436997e-01
-4.921611269588969106e-01
-6.013308907288317240e-01
6.425731160431906730e-01
-7.735959644959286008e-01
-1.593447261664488135e+00
1.051389133289772460e+00
-1.178835025198728959e+00
-9.845610515818397079e-01
