4.036163480706444345e-02
4.842729191955447848e-02
1.179879984434129836e-01
1.467595579388238092e-01
6.403929657620771598e-02
2.318265823109104395e-01
6.625051622685190766e-02
5.656051522661766778e-02
1.555674024560632085e-01
3.781129190621689007e-02
6.502108359501450330e-02
9.694650418100912714e-02
5.923847879356638479e-01
4.996451033477118941e-01
2.785376733310558905e-01
2.594902833367346839e-01
4.087159089711179250e-01
9.039110759463210576e-02
6.135053298527052591e-03
4.382929239154698120e-02
1.277269989726935728e-01
3.016843435501792570e-01
6.926488253367481251e-02
3.230451140735430410e-02
1.577116011421285657e-01
4.926531841906396430e-04
5.078323991460723108e-02
1.080334981852652393e-01
1.998753783967278097e-01
1.155240517009667109e-02
2.550163011273524627e-01
3.342030873525707602e-01
4.090536369109384202e-02
2.000393239175757808e-03
5.923945352960903188e-01
4.841628548168812329e-02
2.916039042724655195e-01
3.053507233553925393e-01
9.651406737851778161e-02
6.741781894398539421e-02
1.394645530210139872e-01
5.614329760635551614e-02
1.925691018097715201e-01
2.111947389863877422e-01
6.888479017974147300e-02
8.520688911970733526e-02
4.291319380612200751e-01
5.351639014610318212e-02
3.223880170770990899e-02
5.019456116098901521e-01
1.125617111348855594e-02
3.637478743384191943e-02
6.477094404934771558e-03
1.664844256410086543e-01
1.075434455297177155e-01
2.166424650698603113e-02
9.728979599547011442e-03
8.820909112229957660e-02
9.124324202122996441e-02
3.751430982699933275e-02
3.766641862651005090e-01
9.275907552341958739e-01
1.704332218999905779e-01
2.029814157438196986e-01
2.989907042168801210e-01
6.516904276056072198e-02
4.830611763668072461e-02
5.420824365176756671e-02
4.236369941976145803e-01
2.135733583990501866e-02
1.510545231338199790e-01
1.524537264568367190e-01
6.586078318647503593e-02
3.206534212618359914e-01
3.759360058725449288e-02
6.922131727816540625e-01
6.326096115291384159e-01
3.502292636035164025e-02
1.031828089998376496e+00
4.324249749246784069e-01
2.444364626517196160e-01
1.752064098052902863e-01
1.219668338730765106e-01
9.589083855546975260e-03
2.077375566526693321e-02
2.022817640233766645e-01
4.412351983029368374e-01
1.844258460898838825e-01
1.041273554077613711e-01
5.634199466143052087e-02
7.570687542251123281e-01
4.077906971623130455e-02
5.992228992734424109e-01
1.262800739002198913e+00
2.984992131143458099e-02
2.949886380828158350e-01
2.259389138940881836e-01
6.604741206465590542e-02
1.057699235198276549e-01
1.355746311504650754e-03
