1.011197980039457711e-01
3.589233627455595127e-02
6.388550581524359007e-02
2.082922185724957465e-01
6.294269970231820832e-02
1.632164773781840175e-02
5.200777546990845157e-02
3.686004500917187676e-01
4.973655186314289711e-01
5.345054364534206348e-01
5.864844811381601103e-02
7.424074968349043957e-02
7.033014678400489883e-02
9.103735214821066790e-02
3.483190497743007819e-01
1.871450527478143722e-01
3.580586209715516111e-01
2.782786467902954586e-01
1.916289563747566038e-01
2.591647489501199830e-01
6.550730345449304326e-02
8.166876236516741952e-03
2.149560869764554905e-01
5.316666035423514569e-02
1.374106701118832374e-01
1.305431812027028904e-01
8.219289194144547075e-03
3.034078389592797520e-01
4.418822969097713910e-02
3.826187140679817023e-01
1.646189906041485920e-02
1.225586994819309605e-01
4.901036221542086624e-01
7.417499358338801307e-02
3.330476965851206228e-01
5.529829388175209332e-02
8.793480726810361248e-03
5.244479110907377534e-02
7.318162871602540420e-02
5.268838514556336422e-02
3.464897995369013439e-01
2.053448686777183119e-01
2.028051169087871086e-01
6.584285516058524523e-03
8.445723957594859777e-02
1.802109588428374778e-02
3.701680971522035013e-01
1.515192854858607788e-02
4.238674644118953228e-02
5.830835635372420001e-01
2.805994089948608133e-02
4.588150357108604638e-01
1.773189304983171510e-01
6.969798310870919944e-02
2.222325285588896415e-01
2.624678257308150214e-02
1.174410364491974001e-01
1.401884960331198360e-01
3.958218506772822470e-02
1.756510175927615547e-02
9.770764788360340736e-02
7.055561779304636572e-02
3.598634917916603282e-01
1.070196003629009796e-01
8.488722303223274201e-02
1.167986728382131995e-01
1.719214109774574173e-01
7.761493570273056419e-02
3.291123339412856397e-01
1.267347441780908024e-01
2.946296590036073804e-01
1.621361669188598614e-02
4.233031895718886717e-01
1.550453699699214094e-01
3.819626037723241607e-01
2.024468729541061829e-01
8.011306304048167182e-02
3.212818573254822702e-02
2.513372506078866489e-02
5.521937221369225268e-01
1.469527816146242415e-02
2.395844155827611122e-01
1.837489560858912574e-01
2.766976042514319722e-01
7.448088288113335551e-03
4.573982056949293939e-02
1.006627040130924217e-01
2.908354838893889918e-02
1.167610938382482588e-01
1.997805123178673925e-01
4.775942630529599747e-02
2.964208204656394036e-02
3.135795776640757371e-01
2.581104255167870898e-01
7.637189195957912180e-02
2.293301926999312679e-01
4.907621519692789008e-02
9.431257158100597726e-02
3.374243002714869856e-03
2.114142730828240738e-02
5.148546384333323178e-02
1.831202120182669202e-01
6.152240770114508067e-02
5.198476157956001542e-02
4.288014034436341687e-02
2.822692616001761801e-01
1.477560669369857860e-01
2.121567964713530399e-03
9.795495531157104308e-02
4.686099828805518480e-02
1.007797333994105010e-01
6.656218375201324033e-02
1.928522473117575686e-01
5.068383211458865611e-02
1.984819500905340151e-01
5.224758227737948957e-01
4.889229125320192909e-02
5.555966046946302084e-02
4.362292931434071791e-02
3.412405781642000729e-02
2.224157602213563348e-03
3.563126219390003735e-01
6.798271886200429881e-02
2.851836681662434092e-01
3.654914334464447884e-02
8.017321834977679876e-03
3.427840836707577998e-01
3.115226582161492036e-02
1.931561092762383858e-01
3.819814694180910242e-01
7.709459456552557599e-01
1.564517275523162054e-01
3.267658955883487870e-01
4.013406186972979794e-01
3.765111374294449753e-01
1.469942576656081083e-03
2.662122080871573981e-01
3.123735320864036782e-02
7.957940495509122081e-02
1.938749726039294408e-01
2.315044337373013961e-01
6.428681857626758478e-02
4.162466695555736562e-01
1.463955767200439684e-01
4.235078549764021427e-01
5.395102022155813248e-01
2.488650937084121301e-02
4.381116591564681584e-01
4.639800246342906664e-01
2.358672502281190797e-01
4.117015770995502422e-02
3.612747956936722682e-01
1.662074722463844634e-01
2.907749055869894919e-02
8.828034903702997038e-02
1.187712734348450316e-01
1.979744562301761490e-01
6.280047426990252590e-02
2.256524035065652495e-02
8.776801200240807316e-03
9.593631199540464394e-02
2.966658678406323135e-01
6.016810919736196306e-01
3.672225234264547278e-01
2.625022308652875114e-01
5.008994229945377963e-02
3.593392069340501371e-01
1.971576074167433468e-01
6.255683839750947328e-02
6.266885257815127397e-02
1.437658127400347485e-01
6.255531345490911166e-02
1.186955007150482799e-01
2.554968491792731222e-01
3.213888729392598287e-01
9.472710355826324813e-02
1.757875832655731163e-01
6.214985653207386607e-01
5.536420850022295143e-02
8.882533904784160883e-02
1.485580434687751861e-01
8.635483854843649387e-02
2.925996448488686272e-02
3.463745108468081063e-02
2.655949147439990235e-02
4.423039889591592888e-01
1.176953566091276798e-01
1.037382855652081853e-01
6.366617044902883604e-02
3.249408945281200278e-01
2.941159436536294053e-02
9.728408226050020424e-01
2.423189376643588577e-01
2.509248817198163617e-01
7.870144047242587371e-02
8.295515605543498858e-03
1.908962272597927376e-02
8.992410425846105934e-03
9.834611528367237510e-02
5.003470584839427027e-02
