1.804360476700170995e-02
1.760290588799480124e-02
1.892271080109983739e-01
1.198355301822439864e-02
9.119651837419257001e-02
1.311947111403354571e-01
1.850684975906763674e-01
2.420728643572211403e-01
4.886878061985953647e-01
9.468239755956206483e-02
1.874368246632194812e-01
1.896496710071590430e-01
8.940550285352649729e-02
1.162506353584955715e-01
8.782183467561309465e-02
4.427143445565328433e-02
4.921594249995508430e-01
2.821687431747186281e-01
1.226150955415511029e-01
2.542479488158692624e-01
2.775431859727696682e-01
3.144245063300008525e-01
7.962638674412605422e-01
1.881571349770138624e-01
1.809081342799552239e-01
1.749142538283393611e-01
9.299930972869334400e-02
2.797205604324640854e-02
5.084090613935400293e-01
1.589424153065978895e-01
6.066794720466635316e-02
3.131449660314029708e-03
5.083120332146348064e-01
2.670569737683346490e-01
2.589981990119023525e-01
1.503775306182330296e-01
7.163513025031909009e-02
1.088978935571836698e-01
2.528230656674732013e-01
1.199489936667784418e-01
2.732043161157112626e-02
2.393502226581646630e-01
1.966704825401413559e-02
8.029353379135341362e-02
2.491452807404262448e-01
8.916149234288936465e-02
1.730737390763772282e-02
1.629766329260093349e-01
1.601801996425461505e-01
4.042633756151741697e-01
7.349003408196720655e-02
1.575266110133734521e-01
3.209363940964939932e-01
1.193186251928930741e-02
1.216981681508330915e-01
5.177438675200078944e-01
1.992829825517074549e-01
9.526065240233616560e-02
8.537358805590802846e-02
3.311547094067940344e-01
4.112269103278893279e-01
7.011566647996315960e-02
3.245134733758938128e-01
9.088782921353408609e-03
1.098739586562908155e+00
3.342872880447401995e-02
8.597226235297719676e-02
7.018646991849691874e-02
2.436536424676288490e-02
3.454669582232122171e-01
2.149921977886528890e-01
6.168987104576677261e-02
2.649549798927731611e-02
2.620804232464772343e-01
2.046617740635260363e-01
5.592264536649513978e-02
7.583568704974057162e-03
1.172271379049671797e-01
4.773279513615848874e-02
8.275272208949627228e-02
8.532676080977996680e-01
3.901480981750064525e-01
2.091274433702934032e-01
5.696993255538881223e-02
4.026611704720742813e-01
1.170306956878293669e-01
4.055777639689392977e-01
1.967873870280059390e-01
1.728997383121559706e+00
3.164939308999018541e-01
4.231742439561325848e-03
4.344129644084699371e-01
6.352616425444028714e-01
2.884562874038353320e-01
5.696491073476767086e-02
1.512673114450845679e-01
5.713630486223029645e-03
1.545878851488957928e-01
6.125780177912750618e-02
2.561918227221908761e-01
2.639218944369017272e-01
4.411563684451921645e-04
1.261233701617242020e-01
1.059881497064390915e-01
2.026663504633411522e-02
1.110904760956222537e-01
4.434864054562146635e-02
1.095369850729821237e-01
7.833540274590769514e-02
2.852778409107676327e-01
6.232989690380980226e-03
1.490413896979271569e-01
2.516371517142367009e-02
1.742862970482111640e-01
8.088061005022155123e-03
1.550291762858282615e-02
1.204116702748221496e-01
2.437448494843978339e-02
3.286896506713415239e-02
3.178686461911107153e-01
3.125208975231692776e-02
2.682687616544058296e-01
2.770938223846973747e-01
4.077673645067326352e-02
2.343498295464483128e-01
1.768255416038967340e-02
2.388891141842448551e-01
1.496088901031890905e-01
1.139344796938073667e+00
5.515504023538626566e-01
9.878682902167406077e-01
2.947718084589813214e-01
4.796775792468817301e-02
1.568149498792620333e-01
1.536301079520075996e-01
5.933175835527487729e-02
8.278792423366875264e-01
4.539478918965465792e-03
7.996370607634208094e-02
5.299407960013326202e-02
8.655091070860923552e-02
2.499973049381172194e-02
2.182282308218045641e-01
5.710812302198259999e-02
1.088243515553728585e-01
4.680634172525970776e-02
3.019346631031201156e-01
2.782290784063010114e-01
2.998226624547571384e-01
2.593948276202664993e-01
9.515313054165711604e-01
3.777924659248020900e-01
3.330182779648176855e-02
1.478027611671917096e-01
6.354372167474424682e-01
5.935697984599917071e-02
1.009801796176804517e-01
9.921925805299516843e-02
5.784561636034792759e-02
3.687418322167833329e-02
2.145580575634739862e-01
2.203636135265626128e-01
9.141788804809801439e-02
1.883588918341264854e-03
1.821017698944014593e-02
1.695323458683454798e-01
1.047413815426880175e-02
3.160339442285290401e-01
1.716174006111747530e-01
6.364709227783812984e-02
1.451263191731701485e-01
6.179751869493689265e-01
3.089615330100683663e-02
2.770105341960402839e-02
1.519498273122230625e-01
5.005043965510305171e-01
3.067790695051524422e-02
6.475907722890797968e-01
9.693357440140504266e-02
1.612594259293813684e-02
2.140606668081255770e-01
1.769076134807770484e-01
1.492019979029536245e-02
1.061059193962713004e-01
2.392969589490840099e-01
3.785040036439601963e-02
2.892375622046433059e-01
4.464078954124372500e-01
1.059147260997976986e-01
1.679454762846770977e-01
1.458279260488048665e-02
4.506324324144698745e-01
6.781780420811053811e-02
7.193370124482315053e-02
2.348558355265537023e-01
3.393508253562507737e-02
1.590067094467423614e-01
8.867586437485808215e-02
6.419673586930201015e-02
1.226016831954417907e-01
1.389349672545469871e-01
8.848722693167714037e-02
1.885686243819204855e-01
7.144076440901152292e-02
3.147612881569511467e-02
2.870918610715816333e-01
3.915454230959192206e-02
7.952198820439199123e-02
3.547245093696132501e-01
4.330342076756493741e-02
1.637833146044435362e-01
7.891727668113759364e-01
1.104723051143419871e-01
2.105326689330870235e-02
8.024466240108672765e-02
2.527300641029320838e-01
1.661570705326986808e-02
2.035748246766319602e-02
2.006278697298736202e-01
8.576966153287254868e-02
1.336753846906846566e-01
2.847258750316899456e-01
6.392159892742596550e-02
1.312951210039292882e-01
7.573964210230828276e-02
1.063215632954479933e-01
8.809752026142349257e-02
1.123808072058722213e-01
1.944590544408008603e-01
1.420997985613045300e-01
2.907935693247152772e-02
4.602993369464417062e-02
9.651142930870706960e-02
2.537895533739910614e-01
1.249560170280645567e-02
1.247223744720204058e-01
2.996966083252593505e-01
1.439177575249002972e-01
1.137152681416572497e-01
1.355227367549915740e-01
2.304761404646601675e-01
5.140722819526669651e-01
2.304297486025940964e-02
2.418232627569039464e-02
9.794491980754189975e-02
5.904146273348886281e-02
4.472392030683316477e-01
8.744050047511485735e-01
2.615606828564173703e-01
6.844797373323760481e-02
2.453897761657792831e-01
2.499186588788216146e-01
1.774323219673811791e-01
1.178833980264210463e-01
2.136967319317529534e-01
1.303073732994453060e-01
1.199417147725671678e-01
1.246450856031534465e-01
2.809758983245507630e-02
1.940912257881771338e-02
1.149408827220663870e-01
1.274833817824042592e-01
1.266840586692608572e-01
3.817596790836105813e-02
2.574014419087796712e-01
3.307771347452321820e-01
2.633996794214340728e-02
1.570038740378307540e-01
2.835190446789809943e-02
4.867021809517966813e-01
4.185045069997886946e-01
5.022660259959124684e-02
2.152840657562625770e-01
3.644836517541184817e-02
3.457197668641354138e-01
7.053033503899542866e-01
1.775668150902083020e-01
7.276132487820863304e-02
6.638133930728966348e-02
7.530555366936169115e-01
8.657424600148432015e-02
2.525693363560003735e-01
1.019399263634846765e-02
2.096865847861715537e-01
2.473548564459259469e-01
1.300546016389905572e-02
2.498761844248937464e-02
3.111114820769168149e-02
4.700863940778822747e-01
2.689838360226626257e-01
1.496226132270785658e-01
1.989550017035850993e-01
1.326633343287169642e-01
5.661859272632610574e-02
1.768146381646116816e-01
6.081133569124699267e-01
3.434330513170214538e-01
2.655480306939591029e-01
1.892272279111003597e-01
1.903353419255593426e-01
9.323486181134298112e-02
1.791845011201445570e-01
1.494997671193973865e-01
1.693346105012424052e-01
2.821942532760458588e-01
3.730828152997843206e-01
2.682854367792174011e-01
1.713594205372872548e-01
1.293498491040919740e-01
1.189930456957815630e-01
6.809003750047680770e-01
3.406238018231267928e-01
1.353106798920234999e+00
5.508513809573276077e-02
1.146681194122874392e-01
2.023415049840829039e-01
1.049252444373007104e-01
1.451703696774026345e-02
4.975164083736240972e-01
1.296770779498093162e-01
1.193607653694939708e-01
8.756594527285276042e-02
4.477827905087897187e-02
6.032006758969764987e-03
2.087013077048299747e-01
1.320117767320966584e-01
3.211840111701681488e-01
3.703041785268439412e-01
1.433055066013673440e-02
3.767964062170803818e-01
6.907723682669535126e-02
2.786071855264389274e-01
2.833089247197933050e-02
1.976748780774026382e-01
3.540352839740930346e-02
7.750385971693585230e-02
5.534722352753441710e-01
1.625955348025019329e-02
1.489870381535235710e-01
1.470756420648872964e-01
2.553753587049629181e-01
4.307544598374526412e-01
9.118906965651898261e-03
1.341946049979060862e-01
5.291361956042714421e-02
1.195280173237548149e-01
3.077927431610733011e-01
1.442249775576973647e-01
4.758528665731792118e-01
6.899845226296079902e-03
4.182727182472788519e-01
3.518353245510431604e-01
3.497379165314056793e-01
2.180143923262778671e-01
3.602224194965577553e-01
2.613594277489446616e-01
4.227930491560035614e-02
7.895915153780271034e-02
6.744461678884318412e-02
6.621670489472045174e-02
6.304916638379055860e-02
1.914207640997125370e-01
1.465073171218205829e-02
2.003557634000891763e-01
3.567821375397632333e-01
2.063004206381139904e-01
9.270691889481585957e-02
3.884541614097982154e-01
1.909133811469851394e-01
2.836405373063601298e-01
3.546354729694680130e-01
7.742575642823508464e-02
2.594841896390423508e-01
1.336967660076537612e-01
1.051517149158053971e-01
2.220421710951980543e-01
2.400701647785721538e-01
1.559363290378267264e-01
1.315430409547961033e-01
1.423824864493556698e-02
2.387757311074720779e-01
8.159469022208915012e-01
2.025140703041092838e-01
4.138399991967536828e-01
3.754016981643076845e-02
4.440473055568679994e-01
2.343686302024431956e-01
2.716863146228822856e-01
5.017248024484462221e-02
5.257912849320311305e-02
6.561172839585355243e-02
5.200061549749512846e-01
5.119108701517637201e-03
2.321400193469744799e-01
5.166987294365823352e-02
3.537072613139378152e-01
9.071615834316275606e-01
8.147967767103521386e-02
6.815676912735531279e-02
4.741794231151622019e-01
3.261489467187166091e-02
1.719956759192299289e-01
3.779063424968469587e-01
3.035268813166469223e-02
2.133268982287091498e-01
2.217858047965245161e-01
3.892996947174276468e-01
1.850141665714682138e-01
1.377047054193372699e-01
1.423635221831472120e-01
9.058414120022369176e-02
3.742933643193013804e-01
3.508734848695517494e-02
1.812116821767535413e-01
2.609248917022902736e-01
2.898958789866264985e-01
1.154926639009506290e-01
2.295849782345947832e-01
3.119865241630694497e-03
4.000130835006804886e-01
5.968455533432992510e-01
2.618908430464860215e-01
1.094144386448818590e-01
1.185855582907556632e-01
5.338351838882157002e-02
5.260485057423265332e-01
1.741806048414565322e-01
1.682135115696462846e-01
3.585567521907414429e-02
5.853471244738238655e-01
2.004078775952199045e-03
1.142836692849528296e-01
8.847895522605284113e-02
1.462134602601260769e-01
3.442982828229496084e-01
5.192442518183838090e-02
1.772056613739553255e-03
4.018661397767545607e-01
2.429481145607330708e-02
4.094917468974856173e-02
1.259878782123443897e-01
2.627382379910488952e-01
3.475865588981843501e-01
1.440408171705166718e-02
2.325265700582174466e-01
9.942934790452166716e-02
4.312007162127253213e-01
6.671761435917368532e-02
7.674330831795006524e-02
1.265673750921885721e-01
1.680021040724034020e-01
3.461610580609456728e-02
3.336979384443146679e-01
1.336442316102408046e-01
8.467899208155749147e-02
1.200165002131143299e-01
2.433695308004243663e-01
2.697969728857045335e-01
1.875102539408510516e-01
3.118121303936176592e-01
4.604654721687941737e-02
1.174479004256633215e-02
3.335762039383957656e-01
1.649207901937308667e-03
1.574358884024550376e-01
1.633563800007029332e-01
4.080164968740587206e-01
1.846115784175499791e-02
6.347110977559700107e-02
5.285159879193176424e-01
9.051693877075839278e-02
2.994778936267051411e-02
1.479301124136002121e-01
2.002382763858467085e-01
3.128335453996400339e-01
1.494620345501966041e-01
5.718667650188228313e-01
6.006613028959518347e-02
1.221893943377042879e-01
5.590121479246571573e-02
1.059308951814116467e-01
7.670955509768676017e-02
4.579704138323306695e-02
1.359959511627886197e-01
6.751182061583228811e-02
8.274084777023597848e-02
2.719699602155873919e-01
1.419559427105876737e-01
1.217943196811302475e-01
1.049654678792099338e-01
3.714525581876083893e-02
1.291900630853791768e-02
7.514960518175472365e-03
4.753451498547897093e-03
1.047768019117695931e-01
1.090971338982968497e+00
9.464921329334036182e-02
2.810243524221703315e-01
9.895041868356091452e-02
3.534589810876999361e-02
1.719773931152291657e-01
6.898959888939028805e-03
7.640580349844127150e-01
8.148454071420503653e-02
1.097351333910499549e-01
2.876910182084599921e-01
9.470381378840508901e-02
9.665050071704084367e-02
7.466503167921221401e-03
1.146422164090064033e-01
4.318209498900475451e-01
1.004792842477973541e-01
9.408364364736336583e-02
3.262500373071123422e-02
6.508628601860365348e-02
2.147163054599393953e-02
9.293030794988077492e-02
2.900597324303200164e-01
7.268019969831533700e-02
1.959455400478450349e-01
5.353725938653761118e-02
3.149407685517840311e-02
9.857082123255081485e-02
1.219025246451069661e-01
7.847531566392616786e-02
1.070712882887536049e-01
4.194185450072331761e-02
4.593220419520296915e-02
7.163108379733534870e-02
7.134501441539100597e-01
4.530244125432831420e-02
3.225709639357577374e-01
1.953594699570462279e-01
9.331615723343848756e-02
2.778978224670521913e-01
9.193935380967374615e-02
1.084514127763853558e-01
6.958264017348050889e-02
4.571638524388927927e-01
1.585193405401121025e-01
9.662072680621668075e-02
7.258700967912962154e-01
2.678353935422497778e-02
1.490240861913598724e-01
3.699233313856424288e-01
3.249098857131648699e-01
5.044446571960048420e-02
7.582530453322773589e-02
6.783149455228809112e-03
3.676070492062137596e-02
2.185858233220671354e-01
3.184219127131914795e-01
1.433530631308973331e-03
1.890885380985226349e-01
3.606266430509656035e-02
3.581029015525089565e-01
3.334178901000766082e-01
1.095188381518520160e+00
1.467460522225400577e-01
5.930884406479228765e-01
2.270278341092675234e-01
1.273895027659924517e-01
3.593583025799321762e-01
1.422133561047242145e-01
7.119724933200487493e-01
2.721571743867821080e-01
2.609932953425477264e-01
3.944552479597335931e-02
4.113425955289645719e-01
1.864006106573427857e-01
5.769988975244565860e-02
1.533517068648685699e-01
7.142063265985364520e-03
1.003593778732663755e-01
3.269340385258291959e-01
2.373332989744877108e-01
1.140348228422750076e-01
1.697366236578832510e-01
7.560877969227189355e-02
2.050207120303260966e-01
1.633736870944973649e-02
5.329208811218126840e-01
1.089567703426386619e-01
2.310259890544786865e-01
1.269482248084536913e-01
1.550308681949299876e-02
6.624743008982178494e-02
2.634919726928369732e-01
1.706053908647638118e-01
8.951079298117179187e-03
7.223126397280363320e-02
7.630783301994274737e-02
1.106252743460956367e+00
1.373230695540364754e-01
1.502500155976879415e-01
3.734317835909414796e-01
1.260813155297706989e-01
5.302357866970386358e-01
2.780235562164001251e-01
1.601561991481164834e-02
7.492145641633327080e-02
4.189134347972856692e-02
2.958292901032472666e-01
7.300487942544776898e-02
8.121437316770905093e-03
1.228399307445143251e-01
8.037062470153869542e-01
1.443148672324022219e-01
2.449256437278331602e-02
2.784636701353397359e-01
3.793429443664672607e-02
4.946359246930066844e-02
1.379663286977720824e-02
2.120102836625334108e-01
6.660858994584788195e-02
7.013662240697109140e-02
3.050903640813994958e-03
9.963935302710799635e-02
1.167625372659475635e+00
2.951916619883702686e-01
4.244164877922197987e-01
7.534256871273077583e-02
6.807035602880228131e-01
9.976593221207587237e-02
1.364382803296737279e-01
4.185947572488069729e-02
4.592198630182826196e-04
2.175491666243944411e-01
4.889358729430418743e-02
6.637321785988915812e-02
2.646116681719356406e-02
1.447808797241292300e-01
1.026635326962993394e-01
1.551826808561577176e-01
5.332765716216872898e-01
6.452171033468870331e-02
2.297581338565215237e-01
1.922507369261495236e-01
3.312354393316784273e-01
2.038250832325938511e-02
6.862390182206028477e-01
5.159323110653025735e-01
8.193503057873240403e-01
2.197132217644881258e-01
5.087287778911986358e-01
2.617565067386901090e-01
3.984021258336710725e-01
2.358556245041747990e-01
1.070418193510115357e-01
7.401896594520321337e-02
1.729689097693767885e-01
2.515807113218359592e-01
4.277333319961890701e-01
4.974342761402345339e-03
3.826551451011124538e-02
9.218103823891102278e-02
1.082674134481687450e-01
1.754911809374999077e-01
1.117543895116659275e-01
3.557537513296748360e-02
4.602081712297365068e-02
9.035630783156727019e-02
5.096188057114054565e-02
3.017286714061741537e-01
1.186171286092063161e-02
1.043923928504436466e-01
2.954638828200068512e-01
8.962542510958351749e-02
3.698671045780047711e-02
1.103130399987884147e-01
3.130453132869103205e-01
1.547409440053491847e-01
2.765953237315509350e-01
1.199139148598996479e-01
1.228502244920635367e-01
1.113904012386077305e-04
1.574440631297873705e-01
1.560440005766135507e-01
1.158219550425797217e-01
9.340640626543973701e-02
4.470476596445329687e-01
1.016111422341450937e-01
1.188174624989527806e-01
8.598390515488838481e-01
3.678674342303554778e-02
3.262976501197849544e-01
1.164709145815798347e-01
4.668505695367040909e-02
1.314163734989329535e-01
1.072231618791837510e-01
3.017482803578926953e-01
1.562877432442335568e+00
2.177801048612901247e-01
1.077272745612569693e+00
1.640076247399291365e-01
3.334974110847583884e-01
2.195346329010017528e-01
4.399056211321820953e-02
2.784570415243193056e-02
6.746008859058939822e-03
4.511069850700481082e-02
4.460183289068334056e-02
4.689030474325716624e-01
2.101476296894613516e-01
4.066640093749225859e-01
1.887769725494915229e-01
1.929915533471514566e-01
2.955428248804741198e-01
1.107555550423399426e-01
5.980211242813578826e-02
7.898861566294428094e-02
3.855487976789066101e-02
4.815929420152949281e-02
3.102323530759637515e-01
3.597030013684812677e-02
2.789622498472052806e-02
2.535961026339502225e-02
4.394867514824151722e-01
2.300621840943250715e-02
2.804303551649746651e-01
1.626901289268219974e-01
3.743690489241461306e-01
3.502722527676086633e-02
4.138176858745850478e-02
1.411571452389905335e-01
5.135000953905762000e-02
4.205261085617962441e-02
1.869200238207077425e-01
3.537549097664816067e-02
1.012201977401322450e+00
4.753819050251781864e-01
1.055729202787710902e-01
7.791582206928066023e-02
1.684236063009253159e-01
5.334669993813786482e-01
1.863573253424487541e-01
1.144344774375878754e-01
1.216279783992784379e-02
2.923697059980414140e-02
2.726678299453066945e-02
1.612488062573619596e-01
7.966690818256408346e-02
5.551913871307653098e-02
2.209645599316981956e-01
1.407177259860744600e-01
1.460582088959344049e-01
1.014903122142610525e-01
3.940323886767435058e-01
5.284984801859544251e-02
1.340403235565010842e-01
2.756746987855852038e-01
1.210824992402936701e-01
1.234822177804183185e-02
3.398833000410327876e-01
4.710774263079609003e-01
1.686411651351789887e-01
1.963379274781563641e-02
6.862007022837122994e-02
2.957045576223975569e-01
1.442343696254706027e-03
1.632261771317361776e-01
1.496444954278657730e-02
6.590428844088080940e-02
2.610268744321785767e-02
1.578127903337805948e-01
2.535137010661231427e-01
5.206336495634115158e-01
1.134216218137568399e-01
1.751537777102057936e-01
3.460976364834687097e-02
4.863809368657535936e-02
1.369854537161926400e-01
1.510122113570838032e+00
1.111256250061791878e-01
2.177231030958760860e-01
3.423341447087823175e-01
3.285756751264522491e-01
6.965500547251610719e-01
2.196719285564451007e-02
4.009039658798975447e-02
3.288547488195890656e-02
2.687422119465792680e-01
1.760407339818277350e-01
2.060699668940475515e-01
3.414585868384910072e-01
2.581228654130602318e-01
5.481571355773865589e-02
1.065019024718047436e-02
5.003526520411710754e-01
4.856629180761071196e-01
2.240218868925937246e-01
2.223640207871029235e-03
4.056220169759836708e-02
4.612471398078425433e-01
1.984451392701128414e-01
2.867621567349018519e-01
9.596289322873483019e-02
1.317261128997432584e-01
2.358567831580344609e-01
4.177863688428725131e-01
2.379870192898273819e-03
3.569136536912955182e-01
3.055254423865159663e-01
6.729013874111143545e-02
1.198698954779313652e+00
5.903034915308733588e-01
1.330061734473627355e-01
2.444831139725401475e-02
1.623015241887086901e-01
9.090431357697920101e-01
6.549082985126704060e-01
2.086734091885241449e-01
2.356619095396731423e-01
7.468979124331099895e-01
2.292968440970933209e-03
2.685278811026806656e-01
1.062115370750570248e-01
2.758513418925999106e-01
7.822897167626374770e-02
1.336166880126703760e-01
1.309186456872185322e-01
2.178368534333368078e-01
3.772181751919123638e-01
7.791743162395556310e-02
4.075128813542426842e-01
2.501905270521399480e-02
2.332224171876733435e-02
5.899362900254823128e-02
4.754607749438286013e-01
2.487598183072446956e-01
1.460208703761813609e-01
1.626336881537593926e-01
1.226446995903551253e-02
1.905267336519536336e-01
1.603610709835723847e-01
2.085510029172444879e-01
5.766868730025566381e-02
5.527733768720333174e-02
4.446001965507670461e-01
4.592872397499661585e-02
1.667242608472051524e-01
1.186775147009658526e-01
7.151069438744195317e-02
4.136376220097048861e-02
1.009537547315895595e-01
1.893155420837693004e-01
1.860803069089517203e-01
2.356750141864433767e-01
5.168708372244678467e-02
2.670052901334286077e-01
7.201482972606738919e-02
4.072296841768340003e-02
8.131217956529850077e-02
1.975097563625083097e-01
2.106028012470307353e-01
3.566314593141243217e-01
5.092293520551514074e-01
4.768271403851726542e-01
2.934219729943214339e-01
1.041525651897750038e-01
3.986086763337721162e-01
1.934931596117900332e-02
3.696469181399729131e-01
1.712520364742732004e-01
3.528800843571873458e-02
7.630635186930274927e-02
2.482236347805807375e-01
2.309013220893330609e-01
4.725682233531339205e-01
2.687804566849538723e-01
1.364328642898576804e-02
2.104586415887247652e-01
5.202214109891636212e-02
6.764582112168088246e-02
1.185328477438727796e-01
5.422152899312723262e-01
7.311809947529493425e-02
2.059532177153126919e-01
5.569838371690372103e-01
7.588119841933275156e-01
2.662988459681855380e-01
2.186403601853943446e-01
1.449590630131303848e-01
7.372274051960174823e-01
2.889544337638529914e-01
1.841970301054922932e-01
3.577176052256282324e-01
2.800401180599543793e-01
1.162750943827359079e-01
6.182468800489931970e-01
1.857472598450324308e-01
1.603797777573635064e-01
4.494211797272890802e-02
2.556908200718143731e-01
1.252256131282883100e-01
2.272640162263004915e-01
1.880493817831078648e-02
1.441762550461741788e-01
2.386088466978958725e-02
9.562360652410374640e-03
9.515067707710745948e-01
9.243973422847305554e-02
1.328119892157466064e-01
4.498767042950425621e-01
2.937770060115222348e-01
3.302810821603260893e-01
3.279089489829718068e-02
2.243215264319298186e-01
2.286529836665397719e-01
4.178612237265977303e-02
3.880130850843820176e-03
1.952916998131917214e-01
4.612861208408338548e-02
2.428087873244717809e-01
1.470165129182662567e-01
5.726172093654087816e-03
4.449654443522895186e-01
1.520426267616057647e-01
2.435612812860411813e-02
2.711643317069328263e-01
6.347266279278068746e-02
7.077021228705173035e-03
6.091220633626400760e-01
2.639487585550400750e-01
1.196246469759625897e-01
4.819030432420834398e-02
1.889309640137645518e-01
4.509208832473290407e-01
3.810355277623221626e-02
1.036382920151613235e-01
3.196628689504702470e-01
2.399601526005700619e-02
1.110555240715280639e-01
4.533397693864312239e-01
9.165999383772036047e-02
7.327580381703311385e-01
3.355257185332130021e-01
2.017931655028732951e-01
1.438349158003198458e-01
5.079473885559504520e-01
6.145439007895417971e-01
2.547109928138236445e-01
4.125186963796584894e-01
2.335965937876807175e-01
3.517580729598749484e-02
8.872563358579714510e-02
3.095576446671610138e-01
4.252359292482668640e-02
2.032276222120115994e-01
2.737644963302484497e-02
7.263656873305902595e-01
1.280344925907385967e-01
4.451852304872554456e-01
2.574742198598276716e-02
5.677584285020055299e-01
1.529049292287358863e-01
9.593568884028901289e-01
4.586778997500309263e-01
1.520634472951403193e-01
4.760879133890221632e-02
1.140141121928158058e-01
2.290916259718884032e-02
1.484198256051058873e-01
4.429088368905708534e-02
1.950425615188110945e-02
7.246872184581774901e-02
3.133434242925613455e-01
6.633446012700607852e-01
4.927943916711025052e-01
3.413048202847440704e-01
2.655791025283441575e-01
1.749423067568049370e-02
5.709710973450402571e-01
3.502611511436303227e-01
9.073989555288276831e-02
1.724231421099423900e-01
2.202848073752209646e-01
4.429227349328259122e-01
1.385486855167593623e-01
8.698458282010285147e-01
1.160283308337699271e-01
2.804326205570486369e-02
4.208487848736951198e-02
1.129405569683527288e-01
2.471407104929941936e-02
1.524841825605857681e-01
7.246836980089241265e-02
1.169483396159997357e-01
2.280823935558000740e-02
2.710467298976894646e-01
2.416309775769760748e-01
4.337594675221216611e-02
9.960407438644271194e-02
2.456746907570473704e-01
1.660346150305117841e-01
4.902634593953215936e-02
3.627501319944069057e-03
2.259707070410586216e-01
3.303506062574811386e-01
5.027704955596532660e-02
