4.040283336348470672e-02
5.537108875795310886e-02
4.077817935372247959e-02
5.097619175820385790e-02
6.723758821646647066e-02
4.924932172638742806e-02
2.651453037902317192e-02
6.239725816511330903e-02
7.161595560591571541e-02
6.479872517350869499e-02
3.975212099356272011e-02
1.881601529316621890e-02
2.756413143885072525e-02
7.464245708881263319e-02
2.081588281218464329e-02
1.575450018589375292e-02
7.871352600398028032e-02
7.490436083513710153e-02
3.955581001730550800e-02
5.595228888168563702e-02
4.848324017823701232e-02
6.232702242054786318e-02
2.903123440318369081e-02
3.057322628240585066e-02
6.934272893206946953e-02
5.275040018361172589e-02
7.670910970093156034e-02
7.325216896732565652e-02
4.370448566536958013e-02
6.235429728822500239e-02
3.419046501333798671e-02
7.910784639085152725e-02
6.873285017050309587e-02
6.102776874519907913e-02
2.301004943653245025e-02
3.868868698910807313e-02
2.637142360257874879e-02
5.562360014237018729e-02
2.148261678707280575e-02
6.102074919283075743e-02
6.384437639754958482e-02
5.666338490220278884e-02
6.859939331132342000e-02
3.421256121465472699e-02
7.055453907682071590e-02
5.238730159647419365e-02
3.832851341761951691e-02
1.785332817179208914e-02
7.664669067088812626e-02
5.425173230697526855e-02
7.818385495041606237e-02
3.968108408324621389e-02
5.866453988342199694e-02
4.291815251680856230e-02
3.211551253571363895e-02
3.042326364426735028e-02
2.485780514045726405e-02
5.227468991766032191e-02
3.302852875083743533e-02
4.011238484261150927e-02
5.323405439225672997e-02
2.492738864978802371e-02
5.069490730748219681e-02
5.111221104891851275e-02
4.978315187938750497e-02
5.919924813297024885e-02
3.762644552680670385e-02
6.613106800622567394e-02
5.769402707854345141e-02
3.771135995554257547e-02
7.887391564125957599e-02
3.241754375801533805e-02
5.977599906366383442e-02
4.092900017432812149e-02
4.695359148224990259e-02
3.394847648287828423e-02
3.260671210243633322e-02
4.858279599252233322e-02
1.854049030959680974e-02
3.715438090417343131e-02
7.956957671080269745e-02
3.827261545697886735e-02
2.792866317819421573e-02
1.908966444128179507e-02
4.183971742100760227e-02
3.740076882899970312e-02
3.166371460356053047e-02
7.289168081009467226e-02
3.456309458139873725e-02
5.504476109955460522e-02
4.420376580029186653e-02
4.561720017231912783e-02
6.249336820422711491e-02
3.350012447114052161e-02
5.761527080559904895e-02
3.742858739941852531e-02
5.224558521254077381e-02
7.868872445694295725e-02
1.910241891677749021e-02
3.364648852890709391e-02
5.690043855061556466e-02
3.821463445564771133e-02
5.121160357458880152e-02
4.266064357210369584e-02
3.891415915782112100e-02
7.315721899751387314e-02
2.202454338008478715e-02
3.884600800109112850e-02
4.189605897304951587e-02
6.972148508228606656e-02
5.491002350398961618e-02
7.800295401260370909e-02
2.100854170699448936e-02
1.736110056326151813e-02
6.264018473658228281e-02
5.704750469518126560e-02
6.170810090835601724e-02
3.703846383730383801e-02
4.211697789280371973e-02
6.368661651605217466e-02
3.596304210423122150e-02
6.076360010543575135e-02
5.494368997429950607e-02
4.311013579362278636e-02
3.034876939150901037e-02
2.957559329355959055e-02
1.983103521303050329e-02
2.422656078600712512e-02
4.491338044445791072e-02
2.790978185078105134e-02
6.651673541487587715e-02
3.714727928118412292e-02
5.056312294812522617e-02
7.986382546741561950e-02
5.621812521630149134e-02
4.899846208544446358e-02
6.013102766730037130e-02
6.881007009210782233e-02
6.629007073008610917e-02
5.344178182669941102e-02
6.708018423199463287e-02
2.380792558594217734e-02
7.923719144942217851e-02
2.596876265632845279e-02
4.976402216337099532e-02
2.190940065306928863e-02
5.791786066569466068e-02
1.657488155718874964e-02
4.285531105124668061e-02
7.239334054021429044e-02
6.060471049429296680e-02
5.435228087182233242e-02
4.705329286742876427e-02
2.568550332436030093e-02
6.556635239762617640e-02
6.723236723780526281e-02
5.695828314227725092e-02
1.556888262635804272e-02
1.773464279321641107e-02
6.760572097373122868e-02
4.454020544900363920e-02
7.707775319450323182e-02
4.656160105295763241e-02
7.218115057276075497e-02
3.636457032552928292e-02
4.704389330749894627e-02
4.020936004251640661e-02
4.434612786911789478e-02
6.976519575153844466e-02
5.887580555586913178e-02
7.868586698195297047e-02
3.831583056741538762e-02
1.879135881915775311e-02
4.271137212692499574e-02
6.708467138054960421e-02
4.628566684509664853e-02
7.208934443078965359e-02
3.257426321499279354e-02
3.444765403383866220e-02
2.895261188070923086e-02
6.640340534941473194e-02
5.188803877145539006e-02
7.992403758923979917e-02
7.336443277661863771e-02
6.895634808990183662e-02
4.089287021806055356e-02
6.683867122759122592e-02
6.813238755074350894e-02
7.837749320521159024e-02
1.681595783655743040e-02
6.944848701791728196e-02
7.937112241726658468e-02
2.219251302794397404e-02
6.881568003011970247e-02
3.986476666952290526e-02
6.770014910007408904e-02
7.670705604321846616e-02
6.484798355883834853e-02
1.579445379207942979e-02
4.305439597066379465e-02
