1.521247134303035820e+00
3.406090156868681329e-01
1.005246388305811589e+00
-1.559711279587825850e+00
8.645041038349396967e-01
-6.615694431107831397e-01
-5.864805457893604856e-01
-3.797344088415044450e-01
-2.904785005345689730e-01
-5.251346550212070419e-01
8.336916127839245627e-01
-7.659762321712745292e-01
-1.327262938132124148e+00
-9.648851770420802110e-02
7.922194849659067728e-01
6.552908910777437423e-01
2.859801897029281559e-01
2.102024703992635413e-01
2.814250294712076439e+00
1.321137972080239642e-01
1.098004719812186059e+00
-7.275118114468649699e-02
-1.497043530351026996e+00
1.686706994829460848e+00
6.462655798976946198e-01
-1.957956758488867965e-01
1.158647330593487901e+00
-1.118766446946369980e-01
-7.894722257778609420e-02
-4.593496877268738454e-01
1.772454381630404141e+00
1.638131448904260878e-01
4.963027700171238621e-01
3.513137282079246693e-01
-1.439046505357187256e+00
2.758475496798660220e-01
7.165055404809214101e-01
9.156327707261963100e-01
1.840919879539971493e+00
-2.549635659210419680e-01
-6.440611539889585790e-01
1.885833985024466974e+00
7.105301133378233436e-01
7.328969273635788095e-01
3.159749411662881591e-01
2.601325137056087478e-01
1.162977549872390659e+00
-5.354954078335303347e-01
-2.187634273263493190e-01
-1.182879703754026041e-01
