1.945070952927301089e-02
3.424110832039960195e-02
3.857939718127294249e-02
2.435529567727941908e-02
6.503538604713821059e-02
7.205711552612846515e-02
6.263017619011711223e-02
2.892443461528837814e-02
5.694044648474393816e-02
7.851230687869123481e-02
3.059907890359493676e-02
6.053726267379684611e-02
5.742561539341168447e-02
7.701789280284696004e-02
2.335576669087304977e-02
3.337759778130841570e-02
3.197396628650860800e-02
2.748317115475593098e-02
4.385910586119789317e-02
2.450492919499734287e-02
5.474809159022296645e-02
5.224344005230877053e-02
5.096714040956808189e-02
4.274462555455381396e-02
5.737862727002105562e-02
1.856376364442585691e-02
6.551039122235258194e-02
5.718212049439049677e-02
2.665457341432555388e-02
6.007257453182526796e-02
5.709167685112009200e-02
7.255917937209410695e-02
3.152783880307643422e-02
1.848213674397081868e-02
6.630732142179165955e-02
3.125391181000497509e-02
2.912947245588550296e-02
2.039124953723001066e-02
2.043168651392551771e-02
7.060570367632601485e-02
7.177496932876634150e-02
5.801641532104759996e-02
1.754290231691820259e-02
2.708505797259774805e-02
1.658583129131895040e-02
3.134121667814486478e-02
4.381700136708523152e-02
6.757963610449641001e-02
3.490125778729839812e-02
2.395613229761515972e-02
5.459498202686553781e-02
1.985475869381896422e-02
5.377035620494523271e-02
5.730226380650180196e-02
6.957751509757123531e-02
7.077762603973283828e-02
4.689923772958680404e-02
1.840923415747572345e-02
2.572172616107158000e-02
1.748000854888022079e-02
7.550409913166228337e-02
1.529001238323432661e-02
7.703938370799895408e-02
7.988925796899647158e-02
4.364867549333875663e-02
4.816533208858420068e-02
3.612655012552636741e-02
4.687772533313694368e-02
3.870732070498125038e-02
5.743014348032063343e-02
6.798855181377799761e-02
3.331003244251316830e-02
6.965384922735529116e-02
2.686700835434326085e-02
2.044015591276301599e-02
6.322419796559508587e-02
1.907116913767422858e-02
6.595476499073921195e-02
2.940521637461708526e-02
7.449449252811535249e-02
2.191089162573837262e-02
3.314295753402906469e-02
4.648216655043468926e-02
3.751509110827458415e-02
7.714573003574605459e-02
7.890833804968618026e-02
5.194894161717970166e-02
4.671403050865280404e-02
2.346764565260328270e-02
5.635114486002296835e-02
5.805700886985204479e-02
2.487529470725458741e-02
7.014685687692315263e-02
2.629387230150921975e-02
5.351781542083706988e-02
5.434115257146342887e-02
3.849537388698233420e-02
4.161835924931361896e-02
5.143912979062698065e-02
7.450281031972444401e-02
5.532640406887058548e-02
6.868295495101756076e-02
2.268959841330891319e-02
2.036574352874166716e-02
5.681248509983997941e-02
7.856113497485489594e-02
1.767630655125776440e-02
6.278332308806275353e-02
5.228629178147597978e-02
7.853755406344298251e-02
6.506335661292363126e-02
2.692183085929926792e-02
4.813883705612068131e-02
3.683701443478745730e-02
3.892256758444191667e-02
6.538641462636712864e-02
6.802766175773183877e-02
4.111052819587054930e-02
2.718083249049312727e-02
2.827337793660306131e-02
5.826639027135331605e-02
2.916989586615505170e-02
2.599080472629602609e-02
4.302758300630553367e-02
2.746550976499127772e-02
6.409057115083430234e-02
6.069742313653056498e-02
4.583786820810830526e-02
2.451884377063854453e-02
6.064085037872818384e-02
4.152621853378415939e-02
6.146750714840317625e-02
5.366232738376337796e-02
5.473804106945805159e-02
7.472417750272039583e-02
6.776044915911202948e-02
5.139824965849400240e-02
3.107539230951329029e-02
5.719767956990611663e-02
5.300902360301401606e-02
3.322857105055569693e-02
2.338748057827357701e-02
6.572943083520792207e-02
5.649034663754821939e-02
5.711890391261405242e-02
6.885283909321780749e-02
4.750048776427868991e-02
7.690697454086870000e-02
5.523616402603791220e-02
4.813109586784245636e-02
1.937901142904987356e-02
4.719431779372625091e-02
2.523970816820134133e-02
7.780327296155778449e-02
3.002579053348179705e-02
2.754362992615688732e-02
6.148836930198523648e-02
4.030536428657623127e-02
5.201324582113970446e-02
4.986015543871520628e-02
4.534523262672689181e-02
5.171191991090521439e-02
3.929660766128280358e-02
7.965116127667833112e-02
4.035303134978332484e-02
6.347632702985195330e-02
3.231927512443300010e-02
5.472031070084748539e-02
2.084008489632851319e-02
5.813360380161736868e-02
6.787254883741930533e-02
1.529583426055453575e-02
6.493979396334464971e-02
6.133933759382009104e-02
5.160148723430745682e-02
7.611831921419752456e-02
2.727073104672054701e-02
7.215458297358294526e-02
7.229970377204830712e-02
7.136925219523904129e-02
5.573686873165651506e-02
5.943559850343580614e-02
7.266761354154596675e-02
2.569213163680338780e-02
4.167364300070627858e-02
7.543099636152403309e-02
2.926354547626626446e-02
5.840922414520597489e-02
7.709167608975708852e-02
6.429137217457397968e-02
2.298880052380501693e-02
2.652034279717310761e-02
4.211264599299725797e-02
7.959172217299810559e-02
4.518657577334717762e-02
4.496087785700203510e-02
6.527392055574524066e-02
5.195653037525366225e-02
1.725910766495883375e-02
5.523754119154286601e-02
