6.624190841098914762e-02
7.730141173228854967e-02
3.600822725986639605e-02
7.440650313545502104e-02
2.393559658165355167e-02
7.452971734952751337e-02
5.004525054760215752e-02
4.480129346400271023e-02
4.224698740063743269e-02
2.886796064655753127e-02
4.040954310522016507e-02
2.858644062887241016e-02
3.452516427493218520e-02
4.771955254468062541e-02
2.859125432671520695e-02
1.883651110718140634e-02
1.707657654157092655e-02
3.240279891246349020e-02
7.621310906533100560e-02
6.771658304304853382e-02
4.509791273908690667e-02
7.082533622351876168e-02
2.282382658802461009e-02
5.524913982799493223e-02
3.462059594526491896e-02
6.970208737793978648e-02
6.392824497290050534e-02
5.395782227443290946e-02
1.912579118137028300e-02
7.217790626274100951e-02
5.776249906651184651e-02
1.848500932488932741e-02
7.438606142904885532e-02
5.799065509761041487e-02
5.366047527713656978e-02
5.637462302071825221e-02
2.459279400615413044e-02
1.514915711050043162e-02
6.641775480397496545e-02
4.192138972618485865e-02
5.048918070103548816e-02
5.458784836475962660e-02
3.201301618706124674e-02
1.936546278324446230e-02
6.659187311870999604e-02
7.030748310301454529e-02
6.638143306017460499e-02
7.065519456089452976e-02
6.661863429348671706e-02
7.525862615029381419e-02
6.180406303622037328e-02
3.612802811374748319e-02
1.853586303067263075e-02
7.814234291475918859e-02
4.873854682273655314e-02
2.426308790805259755e-02
4.259514439881705028e-02
3.903859869806747263e-02
7.528806778143426470e-02
1.669713343453565341e-02
7.155045399053536204e-02
5.369051454171222537e-02
1.897256476534556896e-02
5.452101836129332607e-02
1.767241341156521039e-02
3.837367652645010119e-02
7.629779732326921748e-02
7.362551097103725573e-02
7.518123023814102246e-02
5.750436647819524155e-02
4.545931599001365453e-02
5.508698920200652549e-02
2.191382980441730979e-02
5.997019262511389670e-02
3.618158956163805562e-02
3.417635411066955592e-02
7.194680214804566321e-02
7.591683349990768770e-02
6.190154537824626990e-02
3.252766477168026610e-02
2.051544001328578504e-02
6.614542756555087666e-02
4.206593061930548327e-02
6.648920336416011545e-02
3.727523778670280286e-02
7.253449718539231594e-02
4.990007368457681503e-02
7.022017690141110768e-02
5.373197422311595112e-02
5.837206601158372726e-02
7.950876331218378890e-02
6.281834531168706270e-02
4.776041104232757462e-02
7.142121006473139966e-02
7.890026304456537742e-02
7.174287885642610663e-02
3.571270196383083406e-02
3.391498029852377250e-02
5.610213368341359502e-02
6.393885264662250989e-02
