6.061705794828575744e-02
4.510589959101915514e-02
1.992055501440731166e-02
2.221015475890271429e-02
7.757258507718514662e-02
2.109032812926761244e-02
4.769900128991459015e-02
3.935383770635962619e-02
6.547524898450907127e-02
7.159967950709843210e-02
5.481446784609025208e-02
4.664289049796654235e-02
2.337968623745690158e-02
7.829682036865451278e-02
4.885887533611634609e-02
2.673781355867366205e-02
4.513541734009333256e-02
3.201180664816514337e-02
7.383031040834987790e-02
6.430014437978184838e-02
5.366983502744896578e-02
3.417208276950166324e-02
6.880763207092439881e-02
3.236495240202225121e-02
4.638882089062623670e-02
6.263902668823523312e-02
3.872233683767463408e-02
4.403358180274496991e-02
4.415402516725620841e-02
6.445341193098094723e-02
6.933797296445906588e-02
4.078803817924026021e-02
3.021575044559388773e-02
6.352479983227424243e-02
6.318034283288265218e-02
7.224495453081467011e-02
4.126422248361834300e-02
3.669103947943438970e-02
5.717477955164741027e-02
4.188990976455578275e-02
3.095186734031574877e-02
2.679104874618401522e-02
6.211755010813269778e-02
7.470756839764589041e-02
3.407493362430975836e-02
7.022918223697262319e-02
6.951833768290351101e-02
1.606832427569386199e-02
3.890682785812556166e-02
6.521571068432702178e-02
4.630820392252210649e-02
3.434150082221618105e-02
2.063721984497959155e-02
5.548027289297417092e-02
5.592419425699749619e-02
4.736082388093626472e-02
6.088254856044598984e-02
7.658274484699936768e-02
2.591688340287268827e-02
3.342707313162208982e-02
1.803830002859124065e-02
6.308187955079541664e-02
4.414145367049177038e-02
6.275416038336434355e-02
5.468082145831836688e-02
3.795835081245924059e-02
2.624290066315722661e-02
3.396154984812652100e-02
1.604006122789590830e-02
7.157323972295659420e-02
5.021583779605952313e-02
5.050703612006787052e-02
6.595152540449618350e-02
4.678324878536447434e-02
5.492813153558707279e-02
2.335529214516343308e-02
3.997109104756829678e-02
1.907070278330373278e-02
4.837131895513654967e-02
6.524681719762168153e-02
6.219137889036774336e-02
3.125716644082433826e-02
6.360740990057207889e-02
7.108857931070272640e-02
3.471218406099295384e-02
4.716941615659355630e-02
6.195022880195350662e-02
6.466633848002401042e-02
5.319273575216226096e-02
3.059364222128447414e-02
6.681407391966084908e-02
7.474015405841499815e-02
7.619983033078001067e-02
3.066522347934092993e-02
3.672335845967396317e-02
6.055574893935875003e-02
7.054827054510523499e-02
3.958061197928199049e-02
3.725811925666637492e-02
7.669691790318790281e-02
5.976192632314764053e-02
2.491537681303617260e-02
4.841375535751275133e-02
4.722269859450670820e-02
7.877246080213473611e-02
4.220082976807741637e-02
3.634987973083403379e-02
6.055081225522346289e-02
7.298591651447133843e-02
4.634058631057096783e-02
2.047452468622321109e-02
6.505266256633950028e-02
5.048253131453426384e-02
2.230047080970241208e-02
2.068477014142167461e-02
6.947454214233556025e-02
1.729839400700406218e-02
7.579538838053148653e-02
4.613555075466756195e-02
6.878936286379086495e-02
5.834313644109070940e-02
4.823431576262587200e-02
2.879009740071526019e-02
2.312682445172950171e-02
2.640280459788614531e-02
2.069658078805325374e-02
4.504686978472314390e-02
6.346680840164543869e-02
4.285205630911216590e-02
6.434691696255953608e-02
5.642341621100374627e-02
6.218709237081035401e-02
4.449290111187502450e-02
3.521195823550413162e-02
4.809617678752110131e-02
5.780973124451385670e-02
5.934204091487456367e-02
7.704219581888818724e-02
1.962446164306249144e-02
1.858540667144225819e-02
4.892441220770124555e-02
7.146461391686330378e-02
2.037524098977671477e-02
6.954808677052748411e-02
4.063501378436257944e-02
2.955723031983006899e-02
6.049081096532333418e-02
3.311488524384102738e-02
4.228110246967627106e-02
6.000076815326652740e-02
5.188495942618121665e-02
3.743956133546648413e-02
5.799956925816635717e-02
7.044973188915350237e-02
2.435262128984926749e-02
4.954039986185037464e-02
6.330638104562580359e-02
7.941575905732523033e-02
1.842373324911165608e-02
4.120327810737244023e-02
3.966085283311518439e-02
6.341604166774431062e-02
4.531141470038843599e-02
3.578332179378368449e-02
7.152421466696839980e-02
2.296784164587727800e-02
2.722562986699517823e-02
6.185029968321700128e-02
7.357458137653566377e-02
2.398461583303711231e-02
3.363556415972041025e-02
2.799547381936615120e-02
4.205776589919021924e-02
4.515539303702217205e-02
5.407826415516100993e-02
1.764248021115975840e-02
6.417003490563327750e-02
4.653147321760202348e-02
2.258997987046393666e-02
7.070976274922119442e-02
5.711574873843853345e-02
3.898087768947142151e-02
4.325186243472190634e-02
4.259790108734116953e-02
4.149937805124324919e-02
5.484031087240773955e-02
7.719869942334506296e-02
2.900957380057952312e-02
6.190230249123072209e-02
2.203761258408519497e-02
2.109662426588612000e-02
6.144508192908609140e-02
2.748896024896504281e-02
3.789984931151874764e-02
2.200914795254306847e-02
2.412464466933960522e-02
2.484852033032104723e-02
2.563523858096486419e-02
6.965186050151395136e-02
2.900583602343513590e-02
1.616016121603389838e-02
1.738139944035776291e-02
7.905637719685565390e-02
5.835464673845249667e-02
3.426800499514080778e-02
1.966262126262639798e-02
1.991584871925338937e-02
7.342701088236064377e-02
3.234134799303499397e-02
4.289820005383841728e-02
4.270697927200912958e-02
4.313760138761697088e-02
4.589769085226440282e-02
7.984060286999687672e-02
4.099540118664529720e-02
6.420961561421645314e-02
3.364808757873713474e-02
2.453087301314009483e-02
6.467217637761900340e-02
5.588961272200750757e-02
2.356201337850179212e-02
7.522388904752638772e-02
5.943799146088993290e-02
7.936151128123944409e-02
7.651298195899755572e-02
3.900927792825761853e-02
6.804134963983488049e-02
4.279355150323212870e-02
3.669810080158020932e-02
2.584817004302713758e-02
4.073843560745576964e-02
7.446941108847709989e-02
4.685800291883940316e-02
5.372826244221302200e-02
7.934376679024764123e-02
6.325706261512764605e-02
7.168364947452579572e-02
1.667711163087450682e-02
3.897966810266342841e-02
6.386707609320575740e-02
7.776946861694637725e-02
6.622730856059544369e-02
2.591033794794268819e-02
2.804026221491110610e-02
2.199651106186701136e-02
2.571394012601021378e-02
6.177872566201143834e-02
3.699019945768022843e-02
4.209193099504782154e-02
1.526802707907777210e-02
5.576469613366446393e-02
2.754047301615984017e-02
2.138762330072316309e-02
5.510275955031272710e-02
2.765559318184792476e-02
1.998843012708532638e-02
7.639416985320975073e-02
3.472051891894487041e-02
7.880872428233810789e-02
6.524904889258686946e-02
7.076694933818783451e-02
2.895243726287794611e-02
4.765979085617118305e-02
7.810751852893743630e-02
2.935397687183026461e-02
6.478673610474083855e-02
1.879747740009132112e-02
2.470886490067323443e-02
2.960410985259488009e-02
7.053878803086327531e-02
6.756426562920547774e-02
6.515542155095938037e-02
6.665386822444455128e-02
6.990820080810580817e-02
6.868053191353828968e-02
2.619282512800544943e-02
2.757311089759174189e-02
4.410836400150633385e-02
4.016760035613453628e-02
7.451007292294301032e-02
3.505059798182440234e-02
5.269630558394249042e-02
4.789487370205667421e-02
7.958048704324645339e-02
5.273135701733810271e-02
5.730010310226416048e-02
2.251085646775611779e-02
3.199540735836965688e-02
7.209744946704901847e-02
4.862194491851445921e-02
2.238834164594665291e-02
6.918232619376724069e-02
4.422810326675802317e-02
3.007835506660194030e-02
1.851947393479532605e-02
4.976114620025172408e-02
2.976411417388145214e-02
6.486295783852680241e-02
3.334227753296657715e-02
3.627218199077023031e-02
4.044270594948722736e-02
7.845167003460452870e-02
4.121327250135126130e-02
3.337889142647033902e-02
2.333336535436563580e-02
6.652060679103778684e-02
2.174918490243846203e-02
6.538786692421666435e-02
7.877943831959456633e-02
2.746854126447343530e-02
1.598054861682765559e-02
2.886458700183602150e-02
3.998113864371434512e-02
1.508565301381757477e-02
6.925529198324059665e-02
2.204486073656869785e-02
3.149848794860397871e-02
5.524487689553232717e-02
2.981517342832798456e-02
2.546668448594844800e-02
5.993509335351045186e-02
6.794058864304156065e-02
7.244806940719397681e-02
3.528364640114846351e-02
5.733087184270422437e-02
1.669010554882485384e-02
4.102343834698694847e-02
7.294472280155329946e-02
3.028502511576330880e-02
6.005037967879372357e-02
4.914056314233455208e-02
1.843061774802223773e-02
2.987935314168526507e-02
3.961315227435439901e-02
2.202338324900227073e-02
3.998439925615569768e-02
1.622132904388681393e-02
4.967475933294238089e-02
3.109084678646777469e-02
6.801579677267285962e-02
4.965438256945032408e-02
3.089375591521123163e-02
4.688181097467807729e-02
3.681263567803946812e-02
4.181784637239302493e-02
2.510102933501550879e-02
5.153999119215044861e-02
7.109220387438368316e-02
5.958511997493338985e-02
3.919985329885401076e-02
6.533018033071001651e-02
6.723695571276155913e-02
6.522756197171404591e-02
6.995113585445386639e-02
5.643059228179594239e-02
5.794191289741837392e-02
7.794538545987791944e-02
2.689544556966049285e-02
3.430213833357378950e-02
2.541734068809452934e-02
3.252225528392703457e-02
5.165553468133335380e-02
7.760694972918179280e-02
4.157289087261786115e-02
5.418082627985386368e-02
3.157117760816939567e-02
2.503602006876436137e-02
5.966771369400673125e-02
4.663042411799196707e-02
1.525945267835360220e-02
5.531243889015994425e-02
3.944049480409158454e-02
5.783209723158782428e-02
1.919485375588986589e-02
7.510918331817134641e-02
5.165930927744401963e-02
7.067834813534407123e-02
2.714468958665882531e-02
7.400631089104706128e-02
3.802070239410924174e-02
3.671157544372512238e-02
5.412268427849699359e-02
4.351707456567996402e-02
3.233182341382254132e-02
4.716347236330850623e-02
4.249943053383018615e-02
4.321780094787577853e-02
7.538534856880857449e-02
5.008216026662189180e-02
5.094116782764780693e-02
6.378904681708987001e-02
4.474224502262638681e-02
3.187567310349254807e-02
7.651199384487965272e-02
1.605707253251590846e-02
7.112887846265619762e-02
7.062580710217325475e-02
4.128688278925320143e-02
3.787388449430332399e-02
2.193699183541432396e-02
7.299493570942679199e-02
7.015505578596549496e-02
5.485811625831420180e-02
1.518858429167235444e-02
5.305676162227646042e-02
4.824057721203455634e-02
4.402149068155769562e-02
1.553389015037365782e-02
6.471840460946302886e-02
2.975072004090299760e-02
7.034129014470850982e-02
7.457299943499026695e-02
4.452505580262867968e-02
3.793727194754654974e-02
3.963381441867201704e-02
3.280925298203016260e-02
4.314256739445464922e-02
7.232385038406155542e-02
2.900073093943706520e-02
3.544610199231848502e-02
1.784810157961371629e-02
3.322836321002150400e-02
4.794442523458433691e-02
2.213495040703757771e-02
4.169463232518744872e-02
2.702303637986822743e-02
4.785715799446447344e-02
2.416477784938598702e-02
1.967664728317942979e-02
5.612203071209838356e-02
1.878668423495841872e-02
4.714869437207193370e-02
7.957416090927403596e-02
7.246958469368232347e-02
5.281190803417883800e-02
2.938319439610173958e-02
2.118376331407306051e-02
7.153129351295157978e-02
5.074512885815032209e-02
2.071857136587677492e-02
4.809031429627438209e-02
1.860369607903011521e-02
5.998846570039560039e-02
7.905607547298550142e-02
3.834686767756330383e-02
4.558778669115114840e-02
4.145149357859283235e-02
7.714397788336005424e-02
1.923086459916313606e-02
2.696743102418232979e-02
6.462709339029650002e-02
2.009064267425842570e-02
2.283124233104561265e-02
4.838530949341695447e-02
3.785179684603871830e-02
4.953681231224911496e-02
1.957565984882729537e-02
4.600033566404293506e-02
6.981635556978643686e-02
1.695641172317952430e-02
2.690661259439085240e-02
3.491273209302098168e-02
4.107652988583208875e-02
7.215839720740416241e-02
7.785587129626887759e-02
3.043958855137553904e-02
4.982726853527924549e-02
4.222130602957743783e-02
6.785533958345246752e-02
6.036915800019095751e-02
2.884189900154318642e-02
7.509274431118476145e-02
2.083889070397437066e-02
5.265124577699209496e-02
4.865490124044706544e-02
1.943214836713226881e-02
7.910113955558192855e-02
2.601445808016191602e-02
3.104152934369755132e-02
2.649223617776610973e-02
5.002483014662029853e-02
2.823616164657648947e-02
3.585678074283751848e-02
3.277133922842129926e-02
3.200679250530377717e-02
5.014355616097602303e-02
6.968726285983084523e-02
3.835265555736214194e-02
7.806332389229320157e-02
5.884241110870793573e-02
3.494448713208270219e-02
4.243848503936906852e-02
2.525488825279914584e-02
5.397191044199330101e-02
3.141621547333409842e-02
2.493699848399952290e-02
7.775413910133824325e-02
3.120299438495039573e-02
3.503737024940623002e-02
7.628272119084317238e-02
1.604008049325065383e-02
2.942180342203617321e-02
2.859042713445450121e-02
3.350653469445304122e-02
7.985649250628812368e-02
2.296226611521806973e-02
3.071481742110390017e-02
5.074085079076796206e-02
3.474201882925362361e-02
3.035320269477172900e-02
4.949139698887378841e-02
6.203978797311599652e-02
2.913803807743014715e-02
5.820706558424182386e-02
2.144700221167140583e-02
7.646800725594872505e-02
2.626937050281671210e-02
2.766846304635455639e-02
6.322857200414756795e-02
4.916441567988621975e-02
6.111431860888448531e-02
4.548253408080552007e-02
3.370462802774666644e-02
4.065310603774133225e-02
6.581445705371072319e-02
7.096037859921608404e-02
6.284890115754206141e-02
2.033328850009836694e-02
6.490812009973914720e-02
4.779812732002472475e-02
3.090303541769417670e-02
7.417866787114071880e-02
5.381483771845931713e-02
5.588691766938162081e-02
7.436082360464377206e-02
5.255764810806475701e-02
5.919676411823505263e-02
6.258514185742374003e-02
5.196031444667628674e-02
4.616229639004855445e-02
7.527211678072330547e-02
3.660275445888058754e-02
6.817293012369202154e-02
7.571388361644973419e-02
4.167198044475929619e-02
1.851312143914527961e-02
4.045936308873424730e-02
3.171489551098124332e-02
6.551589544765841489e-02
5.185070969380708994e-02
1.716228835074019854e-02
3.784489733846629900e-02
5.880349773927449203e-02
6.301300754425914752e-02
3.619633572535722876e-02
1.878530568142065121e-02
5.090447176959587289e-02
6.834427632846322431e-02
6.510979366335663265e-02
7.493139228831700860e-02
6.360960576244174824e-02
7.304974740834754843e-02
2.912156699223363704e-02
4.936300222235320140e-02
7.437808159771727712e-02
2.171391883459181799e-02
2.674614217296517049e-02
6.510945143647102473e-02
5.508025030214366846e-02
7.843179961041839288e-02
3.086164490590905668e-02
4.249011706369465458e-02
2.279160073313154025e-02
2.279891882506714096e-02
6.343549365558490138e-02
7.772529535111639964e-02
2.214926475064161321e-02
1.619040750488301775e-02
3.739829029719454745e-02
6.894989591965131059e-02
7.053279625309225032e-02
1.870228723539263394e-02
2.003549512439577185e-02
2.773304688953508873e-02
6.386520869562506419e-02
3.551352488899993387e-02
1.611801368981874080e-02
7.971073854440755002e-02
7.691241235764254003e-02
5.901423955738256677e-02
5.591051240412091977e-02
5.898488307455259511e-02
2.710808666545434786e-02
6.546993273388052037e-02
3.352200008719698199e-02
4.817978746112547977e-02
5.467351147558791730e-02
3.784846334168555371e-02
1.622858439959189158e-02
7.115260203325797506e-02
6.488842178384529591e-02
3.711462341285053090e-02
2.198426413596175910e-02
1.765960753040260803e-02
5.648290397925773837e-02
5.948883496017257078e-02
1.542209381776839076e-02
7.653507102233242376e-02
2.594328166830478510e-02
3.521086596761323351e-02
7.494586507231247585e-02
6.958153734767859311e-02
5.949500659542866776e-02
2.273821167268411103e-02
5.511436623068827201e-02
3.911900193280315463e-02
4.213478947664561769e-02
5.243115000035676598e-02
2.676677849988268187e-02
6.578143259480001559e-02
1.548562544131950117e-02
4.385364869652769171e-02
2.983810190264341022e-02
7.202627459061622384e-02
1.766616006679532294e-02
3.507749532637968737e-02
2.869434671844480617e-02
6.088761489124520920e-02
3.180155702775683269e-02
7.696224073243025654e-02
6.363186083784849734e-02
4.678737381306971588e-02
4.922400004447577415e-02
1.621192470243418629e-02
5.661242359799823626e-02
5.028356180395559399e-02
7.479494671378103532e-02
7.582830055313352635e-02
4.135043409744788845e-02
4.882147482346572281e-02
5.274334511965175776e-02
6.172422184663226008e-02
5.160897296135079360e-02
7.626146290649890580e-02
3.473540446297943007e-02
2.461932863353893247e-02
7.680322613978124435e-02
5.528789119709275057e-02
1.638441785566514819e-02
2.337971427800555196e-02
6.217879746846519118e-02
7.396492774934357306e-02
4.336772555965391629e-02
4.669583035506342378e-02
3.751844141048426423e-02
4.079775879711546038e-02
5.979221008741758547e-02
5.888459421134781269e-02
5.748802520825114365e-02
5.183578454652178896e-02
5.455865641840513397e-02
5.660371637419037844e-02
5.063054196185241135e-02
2.374712513005322947e-02
7.081374775228586882e-02
6.301206577092806349e-02
3.084164919050677231e-02
3.194685132298545616e-02
6.212830206234822711e-02
4.313663807736538292e-02
6.107194961160062469e-02
7.819036932737356838e-02
5.981771854645445696e-02
7.436762396290472199e-02
6.471405921409649487e-02
7.666756984402536834e-02
5.468697338321089341e-02
3.501549046011080690e-02
4.689911178420258508e-02
1.931406156456350054e-02
3.262891852586859154e-02
6.895774691981267079e-02
4.889154935530810875e-02
1.925456777420789939e-02
4.924337979531785703e-02
5.116206288317446532e-02
2.401955620664329022e-02
7.044917223741946344e-02
6.548909477102532462e-02
5.916788151131578688e-02
6.844535699050144362e-02
4.737027627691185738e-02
5.672512990591383614e-02
5.065691128566757184e-02
2.185248056781654083e-02
2.302323890541937632e-02
7.725540531241603670e-02
3.816403318028113723e-02
3.489043631286256608e-02
3.404252721353813460e-02
3.249236546490533173e-02
2.185245491203028495e-02
5.401808441919836445e-02
3.401216464213550200e-02
4.951777011597159606e-02
3.080173970132556865e-02
1.987334065044022227e-02
4.529140371859760594e-02
7.364071309753374150e-02
2.609057426448409267e-02
7.448274143773131462e-02
3.811431787614455446e-02
7.734195529302304029e-02
4.826441103621259554e-02
6.948465992767477450e-02
2.161336686656805534e-02
7.772470448778370788e-02
2.995139585513565544e-02
3.593284073387845168e-02
5.717376623495473709e-02
3.669324636738474643e-02
4.474293950967110634e-02
4.024860932297085608e-02
2.775456492910265138e-02
4.176783898795438654e-02
2.601670336581708015e-02
5.549738182273680070e-02
1.637514794686016281e-02
5.777314962306775992e-02
2.539460969799133341e-02
2.191196548617744058e-02
4.584856513998825100e-02
3.433752908499321244e-02
4.658342441149784102e-02
5.023919651743856407e-02
2.675072184310276283e-02
7.315323930588937817e-02
4.725537932415196929e-02
7.306544666554445899e-02
7.008666059034696083e-02
1.586221723171288289e-02
6.615791840505023946e-02
6.783667378876309662e-02
6.495915057094327205e-02
6.720480897404473852e-02
7.707846871553708512e-02
5.256407282525766417e-02
6.858277865954293118e-02
3.996472611988388657e-02
2.539814639726288223e-02
4.638986216878811242e-02
4.267218858162008521e-02
6.588479500794708343e-02
3.779779177567990645e-02
4.061008374539420984e-02
4.879595006149929637e-02
6.323914074808995034e-02
2.161013934394521302e-02
5.289009003695267774e-02
6.510611670800181550e-02
3.446905222738792796e-02
5.231771518162901119e-02
4.497444037830108932e-02
2.770227280303633882e-02
7.697008200979849057e-02
4.581823511213813788e-02
7.939632093265809598e-02
1.863703197955772842e-02
2.312912803424505351e-02
5.042567558591973254e-02
7.384281557547532626e-02
6.384695221664321574e-02
6.776177224353743811e-02
5.248952023358779972e-02
3.439412525608083471e-02
3.745683666744374640e-02
6.243827042832265917e-02
6.858251631193257314e-02
5.377069463758068352e-02
2.559412808149832963e-02
3.024353977283598949e-02
3.580684786238982897e-02
3.786972302405473140e-02
1.826347832745152389e-02
4.436766241607814631e-02
5.243360703424417013e-02
2.816207896158481536e-02
5.495520255549830174e-02
7.950982531169420442e-02
5.409004528254537231e-02
5.321607023711786427e-02
4.659261358702920797e-02
6.440686664070255363e-02
5.171373843172658025e-02
5.469005194213560211e-02
7.943356692496922333e-02
5.826458590473122118e-02
6.914613031408148314e-02
7.886151999982163319e-02
7.032300212484185464e-02
2.495364406140954810e-02
6.078852891789190277e-02
5.142302266692425766e-02
2.536517329870308785e-02
3.326863897188225838e-02
6.116569147634085685e-02
7.771733366306698976e-02
5.940616624925759703e-02
3.023135376319648418e-02
6.486605007785911647e-02
6.939636685756629675e-02
6.736339412648599534e-02
6.956499653123733584e-02
6.640948041945816949e-02
2.931688623170457947e-02
5.175377995438838752e-02
6.733571369522185768e-02
4.408997708244660751e-02
2.023384243389435289e-02
4.379233886691588640e-02
3.017618219780394961e-02
2.133236038087381325e-02
2.448834624718515540e-02
3.682045414295070929e-02
5.661197209285046689e-02
7.951150748159048487e-02
4.871696291818976982e-02
7.768235435693740532e-02
3.624996568876033554e-02
1.955627361619727278e-02
2.079669634677790147e-02
3.322949712315073634e-02
3.677156683562712858e-02
4.792962473960011432e-02
2.632180007007343947e-02
3.219250799184027179e-02
5.432961458543682232e-02
7.854430690657997205e-02
4.120343527752771268e-02
6.757446611546380488e-02
3.185262005726148538e-02
3.186431868389183464e-02
7.394442692619808410e-02
1.601065267570490197e-02
4.870350616783185316e-02
4.963581536896891772e-02
2.490333761302859078e-02
4.579273105199520300e-02
3.013498297901723300e-02
6.115528382198481133e-02
4.143233664072695777e-02
4.176170001426311729e-02
6.778137367850070594e-02
3.080734817631885364e-02
5.035421271899443579e-02
3.757844578362712351e-02
4.594328729655359350e-02
5.821927779180416374e-02
4.349885844085955855e-02
4.481346347639468541e-02
1.724574340368411826e-02
1.655755573729781813e-02
3.221225527513815051e-02
7.090747887420396911e-02
6.313117097965237345e-02
5.694565888637768275e-02
6.659452936192344907e-02
5.361711536418098389e-02
3.905511204582313989e-02
2.252463352258363138e-02
4.433930736510417747e-02
7.722423539992660790e-02
3.374583807387296353e-02
6.787200821980135523e-02
6.813646781837504052e-02
3.229141270297743171e-02
1.785124085435308566e-02
4.739273131093682534e-02
5.869148524382312299e-02
4.442007062400089162e-02
7.866229941343601262e-02
4.786966994614487436e-02
5.218720315490728984e-02
2.807675904401389644e-02
6.331596852784805718e-02
7.624042541361308878e-02
6.583206578373981821e-02
5.472895803247749408e-02
4.393602113034255491e-02
5.964654747043238170e-02
6.021048167664443812e-02
4.995458544802879042e-02
4.263626425660500818e-02
7.836061536379106129e-02
3.826816724073235643e-02
3.003745972787559559e-02
7.488538570174452236e-02
3.348272144644012793e-02
6.091388599847129964e-02
6.433881440954941633e-02
5.752699514942822417e-02
7.276001658377859171e-02
7.766896715305214582e-02
5.381718573410883971e-02
7.437808658093947312e-02
4.127208898751388161e-02
6.969528965530953635e-02
2.676014868016401982e-02
4.447915446307743048e-02
2.948382051773066476e-02
3.028921438570403996e-02
7.594597930708585354e-02
5.778444722474090217e-02
1.999224633922382088e-02
6.217045108221380678e-02
5.456715795939962727e-02
7.566052375120707607e-02
7.774495679338318255e-02
2.236137901311194623e-02
1.605651585551058982e-02
4.176983741765663560e-02
5.394110287480635008e-02
2.021332557122423185e-02
7.343909453252642217e-02
3.007958739243770177e-02
7.687754349310312041e-02
2.587161558140469234e-02
2.141734172820540169e-02
4.561891747467598096e-02
4.933131796372923483e-02
7.385896997561541832e-02
1.951611073122280771e-02
6.958954018081850434e-02
2.688025007782506026e-02
4.988475845957081323e-02
6.829137288683032048e-02
7.842389191019313865e-02
6.173126128224452197e-02
5.224797603721526712e-02
2.298694038511263360e-02
2.156333175737287430e-02
5.274199525510922526e-02
4.203666888421297293e-02
7.906180856640898647e-02
5.973661684381936787e-02
5.756670441989918119e-02
6.607205669177759755e-02
6.560191716144464502e-02
2.830692513405628358e-02
2.891260827840795924e-02
3.872663905386973526e-02
3.102767094317236338e-02
5.019751450333299198e-02
2.399743719906948652e-02
3.605693479429907672e-02
4.307049705391183259e-02
6.054362000937753285e-02
4.414113992963231148e-02
4.976687431008413459e-02
7.060679066368508172e-02
3.721223289395095973e-02
2.729340825242896132e-02
3.026997576089521941e-02
6.792089139632001560e-02
2.194637873759388430e-02
4.711378238897397791e-02
4.402063354590517175e-02
4.694380986253690602e-02
4.264649893944950920e-02
2.525436863357671813e-02
4.273852224921104170e-02
1.863063747525597544e-02
5.547612068857931539e-02
2.982494673871585386e-02
5.995609054601124671e-02
6.444435198912981666e-02
2.477983619359785256e-02
3.001143903228239984e-02
3.533695727465366310e-02
3.931138942870723851e-02
5.365053225580276169e-02
6.796638941768053110e-02
6.822577800412044091e-02
7.366064282296135024e-02
1.757510141013051905e-02
3.364715220779014582e-02
4.420383436335324767e-02
5.232225279911796589e-02
6.911240109178778956e-02
6.955598800125029069e-02
6.830858235143294488e-02
7.148454766421563633e-02
5.934492884133163448e-02
4.913420430354033253e-02
3.594235679187472027e-02
2.154006019878407577e-02
1.686776894539041005e-02
2.703114191382511439e-02
5.579877997007499923e-02
7.729145596574035770e-02
