6.895052400344042765e-02
2.317448360961939929e-02
7.078121778175269774e-02
6.388345596868751086e-02
3.469700729678022733e-02
4.635889589549464090e-02
6.874030796932520393e-02
7.230683742372959188e-02
2.575225297676371483e-02
5.377293249518332041e-02
2.512982187536947840e-02
4.127502991047718450e-02
7.172629635156983763e-02
4.301000173211880218e-02
7.774190698855036608e-02
4.828828410782087799e-02
4.003265425090860030e-02
5.945977235778853592e-02
2.429551242701957423e-02
7.122000813933801466e-02
6.526013693611801281e-02
7.565501363209729824e-02
2.198813047757293068e-02
6.619572923463958036e-02
3.999770374754173241e-02
4.198760396725293581e-02
2.771174430738322647e-02
1.650439851032849820e-02
5.997814735399611269e-02
5.756782595421282289e-02
3.904200692668585021e-02
4.025075623428425731e-02
7.340857884178991766e-02
6.940585843397001353e-02
1.582045086016448457e-02
7.994441647634970005e-02
4.512279800072765967e-02
7.990570336677653429e-02
6.266387220493696564e-02
1.539366722139327327e-02
2.660302934719282336e-02
1.633878927221953103e-02
4.161036162416010403e-02
6.159977018089079354e-02
4.708181750660367371e-02
7.249696401201111140e-02
4.668986001930115759e-02
5.194180575764609925e-02
3.105673607874207681e-02
6.967071161096800858e-02
5.221061659229098151e-02
2.825730400443281221e-02
1.614779939623149294e-02
6.563345049359367578e-02
5.857550967271283465e-02
2.236949227202370688e-02
5.580772855061326421e-02
7.732659044686784888e-02
6.485275652895174103e-02
3.636807733271722742e-02
6.808560437459347525e-02
6.449013456063196204e-02
5.919709268463801966e-02
3.883754915997372076e-02
6.466322287053119511e-02
4.374067552302986217e-02
7.918922135197475898e-02
3.272800758114025738e-02
1.736781945578757050e-02
2.828588980390666502e-02
6.085389345172897979e-02
6.179659396681919797e-02
7.503210624766420977e-02
5.706242071172342584e-02
7.896296964275908992e-02
7.747093075010424990e-02
4.793303460225997736e-02
6.261821023389022023e-02
6.791615957866617426e-02
5.087806737094558579e-02
5.638874745948207340e-02
3.922603549947161622e-02
6.728018426572809907e-02
4.680850253869106581e-02
2.868702267642866954e-02
7.116328190378623519e-02
5.489912570898682065e-02
7.677306932505512105e-02
4.950867575880135013e-02
1.698216104438756216e-02
7.349096353943065929e-02
4.110489002818979581e-02
5.082705137318318384e-02
5.360479646043459639e-02
6.485717591929437975e-02
2.577998426888926387e-02
2.557194345722291554e-02
3.255923400172162224e-02
5.705264428810065402e-02
2.806524584281910872e-02
5.193826127509078988e-02
6.810967603098516676e-02
3.525617163519302599e-02
2.167216660527909039e-02
1.814959056860188449e-02
4.347076448472428356e-02
5.317740601434144815e-02
4.109862978486542029e-02
3.807900668352667828e-02
7.608042036773152161e-02
1.984468168346775058e-02
5.450693354148489905e-02
6.292648695671393400e-02
7.905324202329647165e-02
6.438062224667087663e-02
7.149406771144159456e-02
4.210844426762606896e-02
7.900868297706170607e-02
6.045628900563820851e-02
3.204771785759398528e-02
2.826358103855091536e-02
5.980453283284186544e-02
6.738069418598714722e-02
7.606693539330655618e-02
1.701898696443346001e-02
6.543994263993929694e-02
5.260578717194982351e-02
4.736232158587265484e-02
2.474914133046725306e-02
4.267163142612977189e-02
5.149942273147588290e-02
7.980133510835853150e-02
3.181857380157973592e-02
1.968825266063954638e-02
4.564757670935735978e-02
3.595308621884011485e-02
2.861538827604087620e-02
2.215817425787568185e-02
3.543991905935336972e-02
7.995254992520824111e-02
4.317942560641186561e-02
7.797852414059143478e-02
3.536493157504229379e-02
5.206088149209231464e-02
2.187757923051263098e-02
5.671990304027937219e-02
3.958440360943323022e-02
7.284245451868340271e-02
3.889064710190572038e-02
4.821131818465487773e-02
7.334902743824929516e-02
7.932709238941010321e-02
4.402323014180880428e-02
4.584251722102598847e-02
5.451406864431545402e-02
5.066864502582265478e-02
4.645458368097756668e-02
2.854354048115655823e-02
5.572726264687712094e-02
2.799242829947583278e-02
5.097652684827338326e-02
5.714721807761529576e-02
6.463325809147779655e-02
4.140433314890133720e-02
2.877534988543331562e-02
5.263831086647609986e-02
4.781813441006944193e-02
5.392407796667998687e-02
1.639322956858953184e-02
6.093273105716890542e-02
3.879735126655410593e-02
7.340569441347385982e-02
5.192059962303628706e-02
1.736957349461574346e-02
2.239591006466738060e-02
4.549286841378254176e-02
7.939808121309008260e-02
2.568285293324381116e-02
3.996700704564273843e-02
5.890711429738157423e-02
6.494352126972136041e-02
3.434077282005840864e-02
3.753288473288503291e-02
4.740075328369419694e-02
7.169400261163541566e-02
6.128932160587228367e-02
5.139149982859388122e-02
4.836051316082519425e-02
4.148494054064203601e-02
4.023713777817557180e-02
2.667144775958762287e-02
4.799549218204766238e-02
6.833532366605302166e-02
3.975260304880807311e-02
5.412604552608600572e-02
5.936919317434812687e-02
1.557376672756365099e-02
2.211321455642380543e-02
7.130610017907115794e-02
7.127205322140249544e-02
