4.028487956752946353e-02
7.130718905918836947e-02
6.409856210082899575e-02
3.671616218694813416e-02
2.852660051187101004e-02
5.702557548087888728e-02
3.939675715636544590e-02
5.573579894232669890e-02
1.917473129621054609e-02
2.153601509873748557e-02
3.582248818816662767e-02
1.699934305100938778e-02
7.255774403667192285e-02
3.974509240838492580e-02
5.470602021712429874e-02
6.228422587252317733e-02
5.887074365604695603e-02
5.747253618308873629e-02
7.962241327851990458e-02
1.656429802170270374e-02
6.957287537154424606e-02
5.328429434510149193e-02
7.753689852154060924e-02
7.837080403810124662e-02
6.375420024304062627e-02
3.175208559713380008e-02
4.435223586551638453e-02
5.429113344441816730e-02
6.900929655039264587e-02
7.744565880980551487e-02
7.593958327101346661e-02
7.530601809642115119e-02
6.159359667087905416e-02
2.835251277578046403e-02
6.208019929262872938e-02
3.382054907228052021e-02
5.754296928000062622e-02
3.827812406460782274e-02
4.326742184616612363e-02
6.702249957465195029e-02
5.126404511048467116e-02
2.964117312851753672e-02
3.505872635562760908e-02
2.368661782495633250e-02
2.903053558925289268e-02
3.031248362908066374e-02
5.232629212711862460e-02
6.859065003943004557e-02
5.860786825215129336e-02
1.907217965251617464e-02
6.739110549459011168e-02
4.520544717540649071e-02
4.061983881409096664e-02
2.798966298779333867e-02
2.345437270749232972e-02
2.692853427957985629e-02
3.196212952364113624e-02
7.219286505298100343e-02
4.240817921810589169e-02
3.211549015782891314e-02
3.895302230006017496e-02
4.803295532108929622e-02
7.161235681034297529e-02
7.699721704335904526e-02
1.950652431646451163e-02
4.900286485928733587e-02
3.171750803282353398e-02
5.209614357297043252e-02
7.607007979608398918e-02
3.615340297495936439e-02
2.830771640003688916e-02
7.404115490805540656e-02
2.686492686475878619e-02
2.353498457027495411e-02
2.570275419478443291e-02
2.232156434176318233e-02
3.633652258858256767e-02
6.524160917961466244e-02
6.845657335899091311e-02
6.367042846084167151e-02
5.473263315526821771e-02
5.164280878743770370e-02
2.844298740265946077e-02
2.706546315389995322e-02
3.381843498805983672e-02
7.972054036020728707e-02
3.238007863720913232e-02
2.259771435919845362e-02
2.917920294371794537e-02
7.578436534031071647e-02
5.809422235109228810e-02
5.117597935720629571e-02
6.304072270797575483e-02
3.416397247890539529e-02
4.367487907930080876e-02
7.435747319042373960e-02
6.104559268421651946e-02
4.558126326209922113e-02
3.631712224200749073e-02
7.467554885406876841e-02
