2.028147848550626228e-02
3.961526022212191744e-02
6.487469913499151197e-02
7.405579371316520221e-02
1.812219133265807747e-02
6.098587231028300415e-02
2.400424751590796504e-02
2.398565892143544181e-02
5.099890385756956912e-02
5.441228342474729168e-02
2.475621531268846348e-02
6.865454538207181601e-02
1.649412726463467954e-02
1.738189564188727734e-02
3.648538772333148605e-02
1.610725132228479212e-02
4.363573757141892689e-02
4.728637108416126889e-02
6.189467732131222200e-02
4.482667202275211066e-02
