6.502198478286401462e-02
3.570966313135302134e-02
7.214557144591595694e-01
4.419016390556140816e-01
2.401359433724768386e-02
2.375963059156014356e-01
6.330717736946608332e-01
9.517414351011813101e-02
2.450979453252407347e-01
1.791358453554516006e-01
6.709787397297891642e-01
2.516019541320276276e-01
1.528398166529718605e-01
1.308991706717109182e-01
4.383757389567797397e-02
1.968343030888950462e-01
2.358401453544792525e-01
2.668860536556948854e-02
2.207890762315983454e-02
7.124246805409473193e-02
4.438168876487118275e-02
2.304086488762883411e-01
3.904372116378457824e-01
5.592249064884767529e-02
1.317891364294856427e-01
1.163215849410709629e-01
7.338126570369557511e-02
1.519914995966510085e-01
1.331673895483589075e-02
9.927834601375376544e-02
4.847596494475978068e-02
1.017769973077322677e-02
2.338798872391973371e-01
1.177745226125965008e-02
2.695195591009271197e-01
2.668783994912734547e-01
1.691402713759631860e-01
4.771199765661390813e-01
3.182978253358263038e-02
1.297885428335900926e+00
2.041452350857182046e-02
3.741980635507622943e-01
1.339491895892118978e-01
3.204984744859248891e-01
5.155566692199417544e-02
5.121968242287145562e-02
7.707472778131284341e-02
4.956999928645307307e-02
1.238822777942834019e-01
3.795475589463422894e-01
1.107271414485229838e-01
1.521825543656032675e-01
2.025549757922375793e-01
3.016483119338929098e-01
2.644265466261626688e-02
1.152436012564642259e-01
4.636724347374981403e-01
1.011035101043822465e-01
2.447545600268315746e-01
1.327417294866126973e-01
8.908921542158980411e-02
4.409862591794788678e-01
2.574517349342205774e-01
5.826532845202684330e-01
3.177264869158873128e-02
1.285676002672440053e-02
4.191153340822390549e-01
3.602704149942945883e-02
4.444713098612304014e-01
2.423355666677274589e-01
1.576675058637589943e-01
4.899153630116039881e-01
8.213214868486551357e-01
1.801560851752488090e-01
1.533742241064346701e-01
7.351034703178131735e-02
3.881452610925333058e-02
2.541726499747460344e-01
1.049448602820690774e-01
6.320644823026859427e-02
8.227501045486743103e-02
3.120035639903967484e-01
1.731391371564326431e-01
7.417646961368469238e-01
8.612708637570740122e-02
1.224254186450309534e-01
6.164487073824234109e-01
5.841114448138521459e-02
2.034489921046258361e-03
4.241007512865416912e-02
8.076098359426067130e-01
2.839037395089119824e-03
4.059974488541841509e-01
8.909971120999712335e-01
1.459001514086286921e-01
1.403491303246458613e-02
6.532803130601311237e-02
7.808051648155327207e-02
3.312023098742244986e-01
6.343379511051858155e-02
