-1.440671847721904042e+00
5.649911892401010549e-01
3.644622131438566282e-01
8.034999632546400150e-01
-6.034265287259882315e-01
-1.096403253755782042e-01
5.191249388355739791e-01
-2.938063114946912538e-02
-1.163854194072637016e+00
2.283542572692923416e-03
1.230585564267923981e+00
8.960110922711910231e-01
-7.563996733560425859e-03
2.197634447977068195e+00
2.347557089602482772e-01
4.226941397544306533e-01
4.121922932117906835e-01
-3.057463659458612426e-01
4.545811276326865991e-01
5.697975360704806702e-01
1.082083020066499923e+00
7.125006025328289860e-01
-9.135467735754084773e-01
1.145545354698407348e+00
6.814098821024404673e-01
-9.523123832281146228e-01
-3.379542265547091917e-01
2.050988175940195113e+00
-1.885904130719225358e-01
2.229743918127743280e-02
-1.438412308980329790e+00
-5.433967700177683158e-01
-8.884226228374771939e-01
-8.454403630827792560e-01
-1.274244755082984515e+00
-7.870071775436816575e-01
1.020734824186312117e+00
-8.355882226240146649e-01
-2.151263600486691685e-01
1.239224297337223391e+00
2.381189455521520171e-01
-5.252487111839538869e-01
-1.073608692292278288e+00
-1.295392176492501934e-01
-5.216926599507341056e-01
2.355900904725460876e+00
-7.499561781644622505e-01
-1.486406558435173331e+00
-1.130297868663707073e+00
2.015297795031834038e-02
-8.404517370760085093e-01
-3.427778873786455627e-01
-1.388287283342112044e+00
-2.058330525015724000e+00
-5.012286153738413352e-01
1.957292571445046425e+00
5.740457933226942311e-01
-8.356794231139204054e-01
1.987898066960066823e-01
-1.788191469749028428e+00
-9.749694454296743695e-02
3.661393898953143045e-01
1.219364196631181008e+00
-4.632862314860213826e-01
-1.528877729929204232e+00
-8.973211146982664754e-01
9.357735663491232314e-01
1.211079402184606968e+00
7.475898426610658176e-02
3.139431067387393748e-02
-1.343133083028353658e+00
-6.499082695041920044e-01
-3.047775092336114655e-01
-8.049647825610273255e-01
2.336711079635253596e-01
8.825263530823798663e-02
-1.106287463286252271e+00
-1.255874902758013167e+00
5.979870077938902878e-02
-1.520168665187467516e+00
6.367178995742295289e-01
8.327253666654252373e-02
5.915483553508843473e-01
6.708819321915264755e-01
-2.106784548446317018e+00
9.072415413951614993e-02
-3.118940650053876884e-01
-5.347091316173505637e-01
7.504825101357659456e-01
-7.039525095627997553e-01
-1.188790844893168996e+00
-2.745549029450854439e-01
1.010324425828863060e+00
-7.048462390765590779e-01
6.190173399529923515e-01
1.162405175768111310e+00
1.107824753210391977e+00
-2.491006933102839563e-02
8.262000261126697387e-01
8.133010902064194969e-01
1.055973363594772785e+00
1.027623996163034459e+00
1.758069988982159659e-01
6.905184772080151800e-01
1.318890730546695478e+00
-7.637218837531343230e-01
8.982029424107388360e-01
9.719823394539310879e-01
6.529414856209690976e-01
-5.689753151598863079e-01
-7.507102560505091171e-01
3.998939357410928319e-01
1.711632419830074747e+00
-4.237221560337310344e-01
-1.765552758606323269e-01
1.692644310791460605e+00
-7.945825600140275780e-02
2.958536610313315940e-01
4.288415616971295030e-01
1.373138574405446399e-01
1.110962459714977646e+00
1.180620747975019924e+00
9.978479364410673957e-01
-1.228386997701097716e+00
2.370180136856122055e-01
-1.198185309432963752e+00
1.460904960223902371e+00
-2.588033185712727668e+00
-3.436337617320854299e-01
2.835525409597691726e-01
7.970848917766426567e-01
-1.853634024828956672e+00
9.793962890138184774e-01
7.957194370345472834e-01
-1.639334510882212603e+00
1.045298626575236645e+00
-1.170305648580126201e+00
-1.533167624095582715e+00
-9.939682607129263214e-01
-7.708365069456930563e-01
-9.449546856634081227e-01
3.337212916303538002e-01
9.017307414669695209e-01
-2.549185511061255460e-01
-9.490362805310025296e-01
1.550142162536573102e-02
1.288491622665288716e-01
8.982215265775381208e-02
4.476034317382868166e-01
-3.724446478185485243e-01
-3.256772560007405448e-01
-6.238661930660274191e-01
-1.374482896361010953e+00
-7.630107066726231624e-01
2.733796562171652011e-01
1.420391697012493459e+00
2.889845484702712186e-01
-2.655789270160207494e+00
3.892879374493667388e-01
6.445441668426321602e-01
-2.895323529882007016e-02
-9.645279383890096314e-01
-1.492202749999115285e+00
-8.882917329804072004e-01
-2.029749908135075831e+00
-6.020359896361046070e-01
1.419555864102939102e+00
8.850450983470743438e-01
1.324730901577913511e-01
5.909577571927251416e-01
4.851674721715943939e-01
7.113525509556071214e-01
6.150751950868519335e-01
8.677935985689108067e-01
-4.935285558502583436e-01
-7.701395465138899388e-01
-9.714228869876450068e-01
6.885545830079496943e-01
-9.459039231838237693e-01
5.092560318852195067e-01
4.220478689933419569e-01
4.876189130860395515e-01
-6.967272128364867534e-01
-6.297451859846050493e-01
-1.076608295665559822e+00
-1.243947974583694410e-02
6.043283380949783234e-01
-3.961021688037408839e-01
-1.490088251325830226e+00
7.071786081527892120e-01
-1.485972897971379547e+00
-1.152929533329403622e+00
-9.135540196206062280e-01
-1.490364388804051643e+00
6.062039335686788544e-01
4.492100875391723536e-01
1.035165303776836299e-01
7.966330351624943962e-01
1.147066142388953436e+00
-7.550077978891990282e-01
