4.392053775020766937e-02
7.628213884516121812e-02
5.752304425424473872e-02
2.335751160326670836e-02
4.488747729866073011e-02
5.679725948037876726e-02
2.790466805136605083e-02
2.035672044871478931e-02
3.483279017239931941e-02
3.400522227405848585e-02
5.850883807259579794e-02
2.515930477231360235e-02
6.597230387562087739e-02
6.480399456882846021e-02
2.563399850909061153e-02
5.639810437840298701e-02
3.374471652958968559e-02
6.784231998734327473e-02
1.608425611276172174e-02
7.200855552641252655e-02
4.346348290898249811e-02
6.218896828669161214e-02
3.658379485604229542e-02
3.320907265347793069e-02
3.341008074914073728e-02
4.527078452538886577e-02
1.775142540949834966e-02
6.512215747818379807e-02
1.844799491289013729e-02
5.769206081315449847e-02
4.506542134165804347e-02
2.976551659600180921e-02
7.621402407474406338e-02
4.112579163098947083e-02
6.400712171056537059e-02
6.598749059653175042e-02
7.148874302355884280e-02
6.742865449508866904e-02
1.533204267165280861e-02
7.209968999562368919e-02
7.042532660227382446e-02
6.721086425890954175e-02
6.842360046469136980e-02
5.396084810645156854e-02
2.446863313335658971e-02
5.941986098629744445e-02
7.794315213807778697e-02
1.569296214196979136e-02
7.586752213677819268e-02
6.283640295592227143e-02
5.746753224430721507e-02
5.024495080151584331e-02
2.185158068793290054e-02
7.383908327093199886e-02
2.671743676143727847e-02
7.506389475313784976e-02
3.210004185992742370e-02
3.765332686242129495e-02
3.995779660011439249e-02
2.102415031648671023e-02
3.179098193700217317e-02
7.432840353814522405e-02
1.667978286724260822e-02
6.589815552766899176e-02
6.184358286475707261e-02
3.254206338241271562e-02
6.732916380330189465e-02
6.740990125706021463e-02
3.516545427468299040e-02
4.083289163916352382e-02
7.136073075664733922e-02
6.139094487026486996e-02
1.870138511110744015e-02
3.488274701818291912e-02
7.117020817222162454e-02
4.940269463388029941e-02
4.235469687659633442e-02
3.680528758495590913e-02
7.247350520557363507e-02
3.646787728754091740e-02
5.838566804394384330e-02
5.759538751181982053e-02
3.171954280275759985e-02
4.518402300202521704e-02
6.010186377420883436e-02
3.194331730060949448e-02
2.365363819633381146e-02
4.596399226697674839e-02
1.583544259936819909e-02
6.437936869095930992e-02
4.975422201887298029e-02
5.829533506913166241e-02
6.459078387825128997e-02
3.596685024569266226e-02
4.474247712869926230e-02
7.946896184441309963e-02
5.090046780529419029e-02
1.869299547805376369e-02
4.369900535700599331e-02
2.543781629828643226e-02
