5.461237533126360455e-02
4.450961253728166200e-01
2.515947112916024769e-02
8.284931361215748654e-04
7.574640772570252756e-02
1.802882573975191083e-01
1.503005826270642324e-02
4.691008809059863949e-01
6.370051213821092961e-02
5.634134860599111505e-01
5.579210397136830091e-02
6.412399381517311370e-02
2.963959422955908529e-01
2.972939543119014136e-02
5.239558053407549626e-02
2.159685886934776394e-02
1.824460169744126364e-02
8.967577182468440544e-02
6.594546650767514340e-01
5.509400831500196327e-01
1.813049829134675828e-01
4.994746255772438553e-02
2.164350459740002619e-01
1.001779599517139241e+00
2.656740801851053546e-01
8.780799884513447451e-02
1.838004284104113040e-01
4.686045958575310588e-01
1.185411809696676824e-02
2.330648360736921887e-01
1.895915652963527931e-01
1.581254183628898746e-01
1.043150016218053616e-01
1.596341852279871965e-01
5.003813579371541725e-02
2.284794543331482575e-01
2.728092472007088709e-01
1.997622615033384785e-01
1.493931382679953568e-01
8.300020234265588492e-02
2.209966003649070920e-01
9.046449530596369082e-02
9.935367426922889211e-02
4.740431055545071271e-01
1.347643307017862557e-01
3.040502848227771837e-01
6.242082245136044982e-02
7.625459278915540373e-02
1.108504447724276004e-01
2.878465631002514735e-01
2.419550862733171603e-01
7.328330583415534893e-02
1.575203836355687503e-02
8.624572927622722873e-02
2.452748279219297556e-01
1.545574795569294030e-02
3.394050587039311451e-02
3.978296338947647642e-02
1.207956899921752009e-01
3.582903076729951407e-04
1.226755052837297938e-01
1.626807151032438892e-01
5.550117646523593240e-02
7.769661115876212998e-01
3.524808703425584833e-01
6.857851027939997346e-01
1.495737177617410263e-01
3.447823694804904443e-02
4.685280637403825832e-01
3.109640981310947752e-02
3.785042262019171211e-02
9.402079981149866206e-02
9.868275588096571405e-02
9.344599542111248214e-02
1.657714181826411004e-01
4.140203126217903984e-01
4.438415842364109576e-01
2.683684410123264308e-01
1.082454883463923601e-01
1.104189760757762484e-01
2.889830666532879760e-02
4.018319885973290484e-01
3.768178930061225063e-01
1.677678872964963319e-01
7.243999199743973716e-02
1.827756334797805970e-01
3.651680590420640637e-01
4.426502336842952356e-02
6.302446699223283877e-02
4.621452294353374235e-01
6.042025585114035174e-02
1.036275552763220170e-01
5.679468021995111027e-01
1.974761265600498850e-03
1.617354607310928505e-01
1.454920344343491878e-01
4.761623158814604073e-02
1.236763742682412820e-01
6.630509321206737305e-02
1.636516453070070709e-01
2.473172935067643463e-01
7.493739844108535109e-02
5.608710470161675232e-01
1.357127478565546552e-01
6.589859624584801234e-02
1.222962157786121190e-01
3.926280184383611482e-01
1.321337958948949065e-01
2.506052187580307677e-01
2.112223874092079845e-01
3.328799701933931598e-01
2.037120745209161921e-01
1.118352529864567457e-01
1.020058592370466366e-01
1.167417687170300977e-01
1.450256621427815085e-01
3.026977358626878889e-01
1.718506119000218907e-02
3.330349338384443469e-01
4.558903102545934505e-02
7.789539168079254172e-02
3.961412798677230729e-01
4.412923372653674847e-01
1.050093388241471748e-01
8.650792539930904357e-02
2.951962706457382235e-01
3.045272227597907722e-01
5.165095920813043973e-02
4.437256222500076674e-01
1.861152159217505375e-01
3.237645804016406337e-03
6.730342958129198472e-02
3.153708266319999454e-01
2.015871409860409136e-01
2.872254622566905446e-01
4.708911071337788107e-02
8.320369508326593000e-02
1.486077834420998778e-01
5.660939235785437118e-01
6.204647326190189105e-01
2.379829908951657247e-01
5.463061952468689642e-01
3.646369247602947450e-01
1.014084289014907936e-01
2.763719399846181063e-02
5.621965057217691575e-01
2.415114752766278072e-01
8.763546282044944180e-02
1.618656956066116467e-02
5.131009846726317103e-02
2.294114450258250004e-02
1.675093371656366237e-01
5.003232220608118397e-03
1.842379621111078780e-01
1.000190794304779557e-01
4.186159695370612055e-01
3.723136768847148947e-01
4.611837256778331812e-02
2.352430026617425562e-01
1.387420123231179470e-01
3.385677242330528691e-01
1.968229688535481636e-01
3.305355260646521826e-02
5.139471721781681268e-02
3.558993024325553534e-01
5.580049433850075430e-02
9.476982227987798546e-02
1.060322583299974503e-01
2.319269465712304676e-02
2.306291722172270839e-02
1.810425267740756183e-01
1.209497473937054535e-01
2.253352828031585653e-01
1.055727976958424456e-02
9.332120392957550525e-02
1.011717020083335306e-01
1.026933753447058922e-01
4.220469592083709309e-01
1.368258845559387205e-01
1.699151137084871643e-01
2.229303049395279235e-01
1.840896552943796782e-01
6.842269115892511688e-02
4.007701301010681005e-01
1.002811211993442086e-01
4.052903567984216249e-01
2.198587609109927121e-01
7.955179271268798813e-02
5.073665276491115539e-02
1.278920987331882142e-01
1.830224502048388019e-02
3.513296201840281352e-01
1.979967030496864178e-01
3.768222377015713331e-02
1.552894171121192365e-02
2.671531175054022156e-01
5.587824730416181274e-02
2.846721967271717557e-01
7.837695677738178938e-04
1.396130884774150760e-01
