2.419735876138328912e-01
2.119326428718030786e-01
3.934107248158030812e-02
1.652658299102026662e-01
1.662148219114104875e-01
9.361053724511839147e-02
2.433780945171774568e-01
1.008475385382114065e-01
6.653043543983094832e-02
1.394835498729089795e-01
7.814724386222164643e-02
2.314035853508585872e-01
1.534597262132391116e-01
3.361788672310189741e-02
2.195036939100265816e-02
1.996530834042084535e-01
1.374257176355045129e-01
9.154118351589896063e-02
1.187318912205113236e-01
1.669946443947850079e-01
1.769819218339094280e-01
4.160319312806659564e-02
1.915235892394847872e-01
1.650047327117573348e-01
2.299026911905744375e-01
1.148314076396148020e-01
6.729591953478897270e-02
1.471644100624854568e-01
2.379794716656466469e-01
2.008659006797548774e-01
7.250012676488547247e-02
5.354494328184238039e-02
1.719025865655687269e-01
8.751003669084538028e-02
2.424093820779548575e-02
9.029922937512531445e-02
2.338738233298172930e-01
1.045258851054638588e-01
2.948404438986669540e-02
1.878378499312657324e-01
2.310520451201820147e-01
1.366913359796486926e-01
1.078111475607392983e-01
7.270093980437376813e-02
1.170667360172846089e-01
1.454225075526738853e-01
9.073731308775720428e-02
2.003018684048012144e-01
8.361699063080441086e-02
8.610190939712408786e-02
1.668653071504831997e-01
1.023960208472307447e-02
1.757471298547611804e-01
1.947607285834156154e-01
3.323159788480776339e-02
1.617297074897764975e-01
2.048449222112033175e-01
6.852602662585119409e-02
8.069303781329037473e-02
2.379096055323141889e-01
6.880261477679693038e-02
3.290526224362386176e-02
2.465446188343460576e-01
1.925743878259849468e-02
1.007457268152126134e-01
1.110027075844551570e-01
1.822035647834966132e-01
2.059059917372016157e-01
7.107686749450500829e-02
6.734354565151086380e-02
1.883826434294833818e-01
1.393041868213264201e-01
7.354860855750812443e-02
1.893566969524045907e-01
1.278917108194983776e-01
2.302924739581735936e-01
1.882614480302483295e-01
2.442062732084434029e-01
1.835058069500052763e-02
4.833176756477648023e-02
1.961757115854607381e-01
1.900391785194341099e-01
3.061894140165143455e-02
2.119485938617864662e-01
1.068286067237865095e-01
2.488791083630476908e-01
1.185622692011945173e-01
4.278394015922494520e-02
2.423373994064191295e-01
1.244123155902172040e-01
4.383954711365585510e-02
1.503778338629532807e-01
2.485846407083124876e-01
3.106492104985827084e-03
1.260541718049636717e-01
6.897319736622448128e-02
1.790488694704902017e-01
8.816855940278468806e-02
1.973578303065501305e-01
1.691895873529270233e-01
