2.406821926579394422e-01
4.533785341902799582e-01
6.814032441524081607e-01
5.767806598191579232e-02
8.235243268784572454e-03
1.623320246831746472e-01
1.873388725893949669e-01
1.102229492342290396e-01
9.902168950273075587e-02
1.061132885650283852e-01
8.030987942830107584e-02
2.557989077806546163e-01
4.323506896166764979e-01
6.355158019853789086e-02
1.771228158527482222e-01
7.936953252986939100e-02
1.547289205016469105e-01
3.354947577327127561e-01
5.595746146786735598e-02
1.566581671451700714e-02
2.503748960509412091e-01
1.804687243741578684e-01
9.670933121979770342e-02
1.639167673108497814e-02
9.411476151887830655e-02
7.060880138737300575e-03
2.408378200095601940e-01
1.679905130985967221e-01
3.213859624505103763e-01
1.476320806493347515e-03
7.977824117312339036e-02
1.880617973985829472e-01
5.864631411696109159e-02
3.400240792214739849e-01
1.357966640913438605e-01
5.466643216090446428e-02
2.688976715031120290e-02
3.293864225764452369e-01
2.700845200492404952e-02
3.705080748694866699e-01
7.306949988062595436e-01
7.595508253502358809e-01
2.665483607781419795e-01
5.000459615679724718e-02
9.550830903788781745e-02
1.270999455784669815e-02
2.019073945054132568e-01
6.907494118606197220e-02
3.707516631621892572e-02
1.054145479416103981e-01
6.608685485453561492e-01
1.769649402642280850e-02
5.178101308519426210e-02
2.094128571956681006e-01
3.732168723285780865e-02
1.056154121530510359e-01
3.178041455173946650e-01
2.786299499167853213e-03
1.595892363296786964e-01
8.164839471532793491e-02
1.435919968150330683e-01
1.380271383790422079e-01
2.470464384824113679e-01
4.426080793001777036e-02
8.388196301048571335e-02
1.872766595857160805e-03
9.705254252494621703e-01
1.464794681590539660e-01
1.970376511231709121e-02
1.911564807956131484e-01
2.904653339171699433e-01
3.232019673143309707e-02
6.366253537131787155e-02
1.903268621371858593e-01
1.162632506754755352e-01
2.116295686547556842e-01
3.151025443874423959e-01
1.250540901690638806e-01
1.167341663448513200e+00
4.210463192254421672e-01
3.646273032987664142e-01
1.715226914081038889e-01
9.147412274976751689e-02
3.977690603613013437e-02
1.285131936873593617e-01
1.705168003783212594e-01
3.459288590797578167e-02
1.611287172880702667e-01
3.257482564738225506e-01
1.361835108875357470e-01
7.765659478890692136e-02
1.479886653074154457e-01
2.758960791561930193e-01
9.183643535748475806e-02
2.923421858016206354e-01
1.134085062460031684e-01
4.235964255748346230e-01
1.176654448270404441e-01
1.510598996315054010e-01
8.424821626038200839e-02
2.447518206809107949e-02
2.733045611688337817e-01
1.811609389246096602e-01
1.211298168975751821e-01
6.708140645206865649e-02
3.702373124683964734e-01
4.087044235990648644e-02
1.298348008201096471e-01
2.779307406007046066e-01
4.110213575137069975e-01
6.328220689979576763e-01
8.381776938579625982e-03
1.646758142771538036e-01
6.878328649940133876e-02
6.182219200591763247e-02
1.013448427284716347e-01
2.494276921234460098e-01
5.744861984746240102e-01
1.191735233928304799e-01
5.600419170190489293e-01
3.383113509737908919e-01
2.784977541778835969e-02
1.090010121079070526e-01
2.158714977861691392e-02
1.838460673071724005e-01
9.109879596962744408e-02
9.661470333598623506e-02
2.379842501821126735e-02
1.078423716713731578e-01
1.415730978892625336e-01
1.550638425466608905e-01
1.713962181994965472e-01
4.598196839038323769e-01
8.441251462227064573e-02
2.801806778006912246e-01
2.106386238292625931e-02
2.457651995305324636e-03
2.483756877220461012e-01
8.404611098697328808e-02
1.219434675649073568e-01
6.510053357598117874e-01
6.927527773037733816e-03
1.873892199552906201e-01
3.318941195634934893e-02
1.847436821643503313e-01
3.073639393732127689e-01
4.023795187611228091e-02
3.124112266935616944e-01
5.967582032944629411e-01
5.933759195381175244e-01
1.790065424617683920e-01
4.656827773245059698e-01
2.339230516691722696e-03
2.475586135146500000e-01
5.339715453470100792e-01
6.792856597490438963e-02
1.989498676109780206e-01
1.372107820083202749e-02
6.797905749363523931e-02
9.999965060651574977e-02
1.968064660347704498e-01
3.043279797615588422e-01
5.541892012398822939e-03
2.537929278781199394e-02
1.409100608090643192e-01
3.997091418332974766e-01
1.660649754759639496e+00
6.856120549384839280e-02
2.477209660330526586e-01
1.927092751157999939e-01
1.837045632916765314e-01
3.953091826552802834e-02
4.001685178948243687e-02
2.285808213401614719e-01
5.904306425737908537e-01
3.411532214537980612e-01
3.351019107037034872e-01
9.593764391237771805e-02
3.625742881522650563e-01
2.375777359875120009e-01
4.965701790987984282e-02
9.025691934458053220e-03
6.098094332993544420e-01
1.316918626481855259e-01
8.018795970669060358e-01
4.327690437564683627e-03
7.826658290808752305e-02
1.202834084204386506e-01
2.887215029984390724e-01
2.840459675799301281e-02
3.525883950988892290e-01
3.238774384514573335e-01
3.192827736460272514e-01
2.456726034958984783e-01
6.316515708757195480e-01
1.361788457492487892e+00
2.291090143628321182e-02
4.295497956826323238e-02
1.915014856931699372e-01
1.027771113502504302e-01
