-3.532022144539820885e-01
-6.176375921998065177e-01
-1.782906444577459781e-01
5.512338642028284941e-01
-1.644608087883314695e-01
1.690943356110483409e+00
1.163899236741417376e+00
7.176398039444444876e-01
3.816278979113194580e-01
1.387881039592702148e-01
-1.191675441159149251e+00
-3.707442188348388235e-01
4.449917759867996758e-02
5.062425737509927970e-01
-1.347414861342184633e-01
6.421707304278024830e-01
-9.731232456026612798e-01
5.390817859058673056e-01
4.826972028785513902e-01
-8.216804986198423810e-01
1.205317411391997051e-01
6.160076403775027742e-01
1.619965954224409643e-01
-1.873820011608583025e+00
7.490024655148985744e-01
-2.336887084960121985e-01
1.408349625542116179e+00
-3.855094576847702403e-01
1.221937123673122905e+00
1.752938243870244328e+00
1.043443119175181399e+00
1.969522149300740210e+00
-6.049401104195322176e-01
6.681946454182324802e-02
-7.834324009617598117e-01
-2.231334736433391031e-01
-4.140930046736828185e-01
1.002590193008179753e+00
-4.829953899653950389e-01
3.517166098778814476e-01
-1.041453526484442893e+00
-5.291830467129273741e-01
-2.745571504961136222e-01
-8.512219704513568352e-01
-5.400211568344399637e-01
1.300957040602366499e+00
2.152472978431721806e+00
-3.349202970166796356e-01
1.122441335718421751e+00
4.264715067985446195e-01
-9.171733342402483835e-01
-2.070012831731341763e+00
-7.053514138912079234e-01
-1.168548313589505616e+00
5.929709568135032027e-01
1.432210271430186754e+00
1.008132538426287361e+00
-1.199423711767680922e-01
-2.595021760958186041e-01
6.239894780380764727e-01
1.986375543169907054e-01
7.263258043017907228e-01
-2.076984894734992260e-01
-4.244324495552724841e-01
-7.847538950668184188e-02
-3.969304646320490071e-01
1.053674699441062290e-01
-1.969271285154499562e+00
8.879634397955761260e-01
-1.143345787800751800e+00
2.994641232476782933e-02
-7.730321952127897633e-01
-2.118340040565359905e-02
-1.210287934685574829e+00
1.661498946694802026e+00
5.798769054003116014e-02
6.639379984860063200e-01
-8.710570579795755553e-01
-3.435854601931990771e-01
4.559178274412824527e-01
-3.090629409881249789e-01
5.476257113645418562e-01
-7.726822656487486451e-01
-6.113234655536821105e-01
-2.505540143392830932e-01
-4.776132997252924284e-01
2.666568697580088187e+00
-9.888548028420600655e-01
1.589034863468808956e-01
-2.158879086183009832e+00
1.552581407074877795e+00
-1.024424545270514603e-01
-5.628967575220192865e-01
1.010895653152522888e-01
-1.306478433881489210e+00
-2.702524676751972610e+00
1.052208744637916027e+00
-3.143508720869805373e-01
8.353263891324573809e-01
-9.168011942987962237e-02
-1.455373178125336953e+00
8.329077428189071153e-01
-1.054201119957337118e+00
-1.273349112342230471e+00
-4.633657611890140693e-01
1.542647331645532027e+00
5.880225575859283627e-01
-1.529427648482589941e+00
-1.418949202195968873e+00
-1.369702302814042261e+00
6.878519624168539792e-01
3.316221198752376531e-01
6.703821374993054194e-01
-6.273873002096244655e-02
-5.905015006055692739e-01
8.809185698856227820e-01
-2.519478513597775304e+00
-1.039485963123827128e+00
-2.880819061469082065e-01
-1.693245612386750309e+00
6.702572671365508716e-01
-1.703326472313338114e+00
-5.160762263101665442e-02
6.936744808243097138e-01
-1.583923213374056893e-01
-4.580042257637718661e-01
-2.866193121754050388e-01
-1.776788216482138694e+00
-2.353223470633793724e-01
2.340049296485405828e-01
-1.512654885297571417e+00
-1.235195252143875821e+00
-2.402485963916187295e+00
-8.611940395992749853e-01
-1.966240934109798610e+00
3.178942183969290514e-01
2.782321569421757901e-01
-3.514732157101831955e-01
-4.943982324897017167e-01
-9.738108106023826149e-01
2.063608076964643656e-01
2.794196046010100631e-01
-3.729291054219789903e-01
-1.314102947562806767e+00
2.494838634757070572e-01
8.466172695093853173e-01
-5.100602722106578613e-01
2.809512417689042363e-01
8.933585769917419261e-01
-5.354207614182453501e-01
-9.919828067731389920e-01
3.714067356430540423e-01
-4.944614221772613560e-01
-5.399138125269603572e-01
1.056578128079006973e+00
-1.047895797200151802e-02
-1.071066621098130556e+00
-6.563759269905655724e-01
1.135821462155607309e-01
-1.576710326529258133e+00
1.902407275595359992e-01
4.462129477370000430e-01
1.184998323933236009e+00
-3.662517910109475694e-01
-1.435330553063483228e+00
-1.161617077369339057e+00
-1.614289610529706653e+00
6.072305548828752508e-01
6.646477721609790335e-01
1.235854187039723495e+00
1.962609062352722034e-01
-2.641655382161027799e+00
-1.045039779188941864e+00
7.230599467037979178e-01
1.423794189982607594e-01
9.555693607145540058e-01
5.985677499141913716e-01
-1.435425958990110828e-01
1.842142961912783150e+00
-4.168095074827345425e-01
1.856113313603988124e-02
1.401228612904976023e+00
7.140898543166879220e-01
1.232079632948520853e+00
-6.087700868235588203e-01
-7.543882127212442334e-02
-6.932126320265645791e-01
1.118739614305192948e-01
2.135177665585193396e-01
-6.288009935010063778e-01
1.055162640118971984e+00
-5.691933920745048114e-01
1.116244957251774528e+00
4.075136092140196342e-01
-8.705385209072905583e-01
1.613095641436000371e-01
2.547061833644653217e-01
5.759096054784117458e-01
-1.188947346986714892e+00
-8.561882523132750000e-01
1.602346150480110198e+00
-6.750836196080482743e-02
-8.138837836246600732e-01
-3.419907669418494889e-01
-1.119111982879992528e-01
2.312296495517553563e+00
-8.595995690749095308e-01
-9.801775270070535173e-01
4.950623701234769247e-01
-1.280162407290849513e+00
9.085515820890649463e-01
3.474416098062583225e-01
2.643396284450569400e+00
-7.930249247561758086e-01
4.084045615705471088e-01
-7.386177333161485503e-01
1.047363616830130351e+00
-8.105593602303989842e-01
1.061054028995289000e+00
-8.784464181835521801e-01
-2.534729975457987172e-01
-2.916453923746055388e+00
4.487921984501130890e-01
4.278299146394117236e-01
8.049097528327832096e-01
-5.003117072814690092e-01
3.899373717683138896e-01
-7.792246922236254481e-01
-2.228688300212479767e+00
9.334696273052790483e-01
-1.542057249333059765e+00
-2.926134898555745115e-02
1.063737424105521745e+00
-8.079583301970118259e-02
2.001783885193127166e-01
2.786106695420396129e-01
1.082613978980010438e+00
1.353603682285780652e+00
-1.581228913997113628e-01
6.238723217529160703e-01
2.035688262037115059e+00
-3.100206651513836564e-01
9.399312377621201753e-01
-1.993858008990664787e+00
-2.564674855775747053e-01
-6.474463499945971590e-01
-1.331158311796882820e+00
-8.183509308236377455e-01
2.135600270087491648e+00
-6.607645295001571828e-01
1.178810874041222201e+00
3.367650526716532422e-01
4.490853089527060971e-01
-8.426568292927523185e-01
1.170315821738532464e-01
-6.501771413672192690e-01
-1.782920869655627572e+00
1.244129014013585444e+00
1.048944049665635703e+00
1.574512975276657567e+00
-1.318248343041647619e+00
7.455576074272050047e-01
-1.173672959984490172e+00
-1.429049774816364693e-01
1.666743870910976977e+00
1.148802855472039974e+00
5.297869538436695835e-01
-5.453098637241045321e-02
1.763848790189812998e+00
-3.802585860090008096e-01
5.108610833653177696e-01
-5.344108381072004699e-01
-1.537684968149260589e+00
4.714857818052596572e-02
5.909823978426101965e-01
-2.144112969917570943e+00
1.680357189135108786e-01
-3.076268230384456848e-01
9.643573371920379778e-01
1.942172664197047705e-01
-3.815797745309408295e-01
-1.145480809143841983e+00
-5.208507817725754885e-01
-7.603493250746087284e-01
-1.072633921566341630e-01
-1.012626395274013991e+00
3.220845697933478191e-01
-3.564732871277072768e-03
9.568884719673285133e-01
1.495956776261031518e-01
-7.420309152163573341e-02
6.768467266378863645e-01
-7.931536149474570641e-01
-9.752959571419238527e-01
2.110232506402958563e+00
-9.371781216015604432e-01
9.092632782788444556e-01
5.191778739613535087e-01
9.851916563671441196e-01
-1.282422755528295877e+00
9.137695006191932645e-01
-1.884252423274554555e+00
-5.910763717503629833e-01
2.156407883409647841e+00
6.917024382016572215e-01
-3.033760382406127110e-01
-5.497503007064128422e-01
1.204092916823083836e+00
7.683816919713896132e-01
4.529019227711157947e-01
3.533281271555442360e-01
-3.047088020859714419e+00
-1.063763934029603675e+00
6.145217754039821179e-01
-1.087220866797631746e+00
-1.186635384668593529e+00
-8.825489993286944612e-01
3.424928609965812165e-01
1.530234885877610251e+00
8.558045398964935213e-01
-3.858264173634466387e-01
-1.443086948893278265e+00
1.023188427514164500e-01
2.539290433820802217e-01
-5.648740565731249497e-01
-7.065295582482766790e-01
-3.278874498924550518e-01
-1.444395127536907131e+00
4.992339428974805204e-01
1.590393936332834546e+00
8.287986522163539593e-01
1.294859302695884784e+00
2.052396983082252491e-01
1.158226433745622064e+00
-2.656897480851203142e+00
-1.283651349552503929e+00
3.528519075107043879e-01
-1.029592699172747761e+00
-7.839032535744470120e-01
2.272167341801368534e-01
8.564012610115324664e-01
-8.663691531573946003e-01
-9.128751550591163166e-01
-9.123571324507646907e-02
4.011999115033282881e-01
9.757642914732083117e-01
1.611216638000126267e+00
-5.789184113940925025e-01
-2.072229268650221945e-01
-2.120156528899248272e-01
6.612243376898516711e-01
9.041476830171178980e-01
3.198357581188189802e-01
-7.972839990404639865e-01
1.885480679222400688e-02
1.831715834974976032e+00
-5.789044296285724700e-01
-8.277128484968312438e-01
2.136526655761556148e-01
-7.300580616224321417e-01
1.803856825555413268e-01
-1.282851555087341611e+00
1.731655247463938618e+00
8.782064810363571228e-01
1.529621455238394656e+00
-8.820910061473293817e-01
-7.218422142709431943e-01
-1.364286056089460075e+00
-1.853873961782758650e+00
2.921824869212727785e-02
-4.918859558487296835e-01
-3.102570567007573166e-01
6.456795112084736665e-01
-5.985456816660571500e-01
8.371385636234267291e-02
3.609249566623860539e-01
-1.545826193318942554e+00
8.843676292212059309e-01
2.705338006728672529e-01
-6.080965932957699271e-01
2.157286207788344790e-01
-1.786719978291246083e-02
1.361939090240002592e+00
1.830424200830226944e+00
2.683769368992053872e-01
-9.158323481302521607e-01
7.113089156497772736e-01
-1.135442977681956345e+00
-6.341892741579972792e-02
-7.546211647831235769e-01
-1.156091314878870513e+00
-1.203712661327190458e+00
-5.005892235295927861e-01
-9.834703960116160104e-01
4.639862126814116999e-02
-8.515074514629942248e-01
-2.357919121270448226e+00
-1.010948471897296308e+00
-3.071155962052720678e-01
-2.641617711511408118e-01
-7.093163289364049495e-01
-5.411053245538437473e-01
1.209296324586852212e+00
1.651570634350448374e+00
1.583521351894016327e+00
-7.893080066389705773e-02
4.759520768769168186e-01
-2.792743803266651836e-01
1.568637860653229410e+00
1.554973779097130304e+00
1.820873949021286353e-01
-1.797393398994185487e+00
2.011173481833850030e+00
-7.295190790064412512e-02
-1.322877378274306404e+00
-1.110833395203562723e+00
3.148319002015643187e-01
-1.226861883640171902e+00
-6.403497395152943916e-01
-2.156567429582670059e-01
-1.806391766484101991e-01
-1.754038514405686255e+00
-2.489220312647119626e-01
5.277159113096473453e-01
1.031951507108851834e-02
1.518075575132771915e+00
2.768881259288143437e-01
-9.999077834127727549e-01
-1.447199119222398744e+00
-3.499777341772550288e-01
-7.493305538028128820e-01
5.278220254447529847e-01
1.825446427192190524e-01
1.379611672205168560e+00
-1.354131517948584662e-01
3.307322276073405010e-01
-1.042357694340621421e+00
-1.140212609273874689e+00
4.862810486633016294e-01
-9.760339659778439758e-01
-1.932667600360317983e-01
8.205653554642983183e-01
6.640476179495522491e-01
5.747279492811414869e-02
9.863429660239265706e-01
-4.125660424990923447e-01
-5.249070391901847765e-01
-1.168197996237449798e+00
1.073475979404669767e+00
2.951350474299544446e-01
-2.513549764055789670e-01
1.009392885981165167e+00
4.408982552063063776e-01
-4.120081886001398797e-01
-6.356395140311564829e-01
1.113380827155510788e+00
-2.612323184153886868e-01
2.114184813142482966e+00
1.177349087974598696e+00
-4.728806992841017021e-01
-1.424302636841159320e-01
-1.015184621305579293e+00
5.067749920274727815e-02
-3.456514920251254619e-01
-8.407948798413396041e-01
-2.005728611224385727e+00
1.726111143695708838e-01
-6.961678402975219893e-01
-2.866596981047165107e-02
-2.049965980479319771e+00
-1.037857458735036209e+00
2.503659207131462061e+00
1.080906407964814742e+00
5.732203119713650263e-01
-8.517677329816950027e-02
6.861245895805689887e-01
-2.465155788757498467e-01
-1.100536308057720403e+00
-4.814556016362830926e-01
-8.128060181528029560e-01
-8.790309737120197697e-01
-5.359864642318419303e-01
-8.622222191350648046e-01
-9.042118326841968035e-01
-2.441224962396578435e-01
1.616304439893227585e+00
-6.299290691822543309e-01
-1.114566853127491042e+00
5.789271412629461849e-02
-1.608354683856436651e-01
-1.327094303635186545e+00
-1.033228554411246503e+00
9.596233632614099562e-01
8.773663008617993420e-01
4.966284408797362326e-01
6.708730110229466082e-01
-8.339090185515769527e-01
1.714518750774805533e-01
6.151183177188735973e-01
-3.212019534544777177e-01
-4.948888854785472684e-03
-2.894874918560672028e-01
1.131880614358019788e+00
-7.822096809006767737e-01
7.324353883244644203e-01
-4.356522838939020925e-01
-7.182934034312949967e-01
1.501478023735259182e+00
-2.062727423909149760e+00
-4.559913612399403293e-01
-9.391213902271191571e-01
1.417188601840684736e+00
2.934509721812317284e-01
1.697122007936060495e-01
9.293800876743617545e-01
-2.065027568319218743e-01
-7.872341335461841005e-01
-8.900264029942797084e-01
1.591769168755178265e+00
-1.758881648419476695e+00
2.293818971109566340e-01
-3.953981477053148397e-01
-9.275971466804074916e-01
-1.350784962466488937e+00
5.136123284785507614e-01
-2.936208580510366595e-01
-4.886793827874560958e-01
1.477145626137906342e+00
-6.307199314498980469e-02
9.252858864261597205e-01
-2.581031724163888597e-01
-7.202685898475561510e-01
1.256018490023615097e+00
-5.645926114821178121e-01
-3.702221192797761629e-01
-5.600233925314738181e-01
5.717559867277621777e-01
-7.604628304849646581e-01
1.023405971343357423e+00
1.459562534211829687e+00
-1.735781270317619862e+00
8.496652307947116789e-01
7.139147198198199096e-01
-2.762182255778932727e-01
-9.373810967686853068e-01
4.836607841520230155e-01
8.031932503296261849e-01
-1.661959624706824123e-01
1.650984815360911018e+00
6.377533572994190658e-01
6.338756969825619647e-01
-8.354718273949357510e-01
1.575597485179683899e+00
4.498667884110593707e-02
-1.508467381317734501e+00
-2.643224676137291840e-01
1.241348672403060904e+00
-3.419282395983526124e-01
7.140002436927213314e-02
-2.150683729338060513e+00
-1.465845690333153373e+00
1.650617543858095448e+00
-2.726380592307937056e-01
4.049287572373947430e-01
-6.498410862748736916e-01
-9.061362524704832389e-01
-1.289978726428232525e+00
-7.966182361424289926e-01
-3.804948358176019618e-01
4.744127258122589619e-01
5.739262045694370346e-02
1.999183000813192113e+00
2.834818075023404563e-02
2.548118859608708986e-01
5.342254061835780554e-01
2.839481612845447422e+00
-1.170413346173222235e+00
-2.047447394953533784e-01
-1.769221354718665484e+00
-9.188372305613766722e-01
3.692816857856010548e-01
-1.809566720295056053e+00
-1.263543263950426265e+00
1.130662275448322873e+00
-1.976323427477559222e-02
2.020404461992317269e-01
-1.059690356986061621e+00
1.161777626468674107e+00
9.911523691640691247e-01
2.997974658299070727e-01
1.617412402620012069e-01
-8.328487330089882068e-01
-9.784553116588218247e-01
6.480296435488086537e-02
4.086384115026622799e-01
3.056398572764265284e-02
-9.113267816408920918e-01
-1.904449770185278057e+00
5.176221678145643823e-01
8.419929720094765369e-01
1.238924470532885014e+00
-1.235829150599954573e+00
-8.599745769899446168e-01
5.619893129207277349e-01
9.095340978785232400e-01
9.160776970514037387e-01
-2.510817509345269483e-01
-2.929262315761003710e-01
8.995787422763971142e-01
-1.537606139801374061e+00
-2.364812798428863883e-01
5.169201838879019517e-01
4.519004503684346252e-01
-1.075519925512049557e+00
5.817737733026466795e-01
-6.013008571375756395e-01
8.412169815346937085e-01
-2.823971486019603017e-01
-7.443751177793612728e-01
-1.137653267903501630e+00
-1.530300975115258255e-01
6.975722978757344928e-01
1.129790138830823465e-01
-2.998822700515331729e-01
-7.713297636850549033e-01
1.151206730444056303e+00
3.620905950254146299e-01
6.701543378168827170e-01
-2.810062845776110096e-01
-1.984272432419873056e+00
3.458049816401979892e-02
2.108690163378862115e-01
1.504573963738571329e-01
4.952502167005379263e-01
-4.019643329959264877e-01
-4.363935915786550379e-01
-1.051462989531161574e+00
-9.658465193054028841e-01
5.601045417665771742e-02
-1.009791800926468808e+00
-5.186107117948924872e-01
-1.229568931493144335e-01
-1.316867172915633599e+00
1.357504675973739139e-01
4.873295299520170043e-01
1.300134604225442025e+00
-5.739867152778234116e-01
-5.782269579916744506e-01
2.105495899799676440e+00
-2.342617266547495358e-01
2.596005600905972877e-01
2.789924980364691387e-01
-4.205739236104725220e-01
5.449682225489672627e-01
5.075297306854392732e-01
1.576779845618079712e+00
-5.805685523293082489e-02
-5.338869058442935467e-01
2.148073742659961649e-01
-1.153371653035212718e+00
-9.083538174257869136e-01
-1.404217191830630984e+00
-1.591827564374409532e-01
8.767206102569145010e-01
1.427705862208273224e+00
5.019072481143047604e-01
-1.049850228866090890e-01
9.031459140393940932e-02
9.319373961782271287e-01
6.857801406297532321e-01
-3.938535312849469894e-01
-9.790087158229935360e-01
-7.800059182942085112e-01
-6.745982548822301306e-01
-1.358739873681510835e+00
-3.928507739408461097e-01
-4.758770802913986353e-01
-2.102561525317668822e-01
-2.041796226431782380e+00
-2.503541605415846583e-01
-8.860951618752353764e-02
5.649102370269736273e-01
1.456776876051073755e+00
-5.877108643451411929e-01
4.300261900902496159e-01
1.004050228857829463e+00
7.551079114632599509e-01
3.289733960361690412e-01
3.853372595232398279e-01
7.538198136301202945e-01
1.293055959350222439e+00
8.788423497444571852e-01
-7.638028671256736901e-01
1.567776241408525895e+00
1.021595482664922505e+00
1.069377756820693914e+00
-6.671087893428161442e-01
-4.499611812980295333e-01
-1.073839251859940891e+00
6.438979221022981259e-01
-1.276022293943652075e+00
1.817517706120646448e+00
1.258053343617942410e+00
-1.660514820775533140e+00
-3.899430699948429335e-02
1.447848648905270874e+00
1.324258162719788245e+00
-1.225103167254305570e+00
1.777531366805109148e+00
9.966259394485220413e-02
-1.137127823430494455e+00
-1.395847618789409550e+00
1.528063227313206207e+00
4.713949085404221528e-01
6.267996617382216584e-01
-3.417279341089445033e-02
8.127369603607227377e-01
1.252665952202640209e+00
5.640802818502729243e-01
-1.743642183035449600e+00
-2.003355573132616030e+00
1.225025254626731064e+00
-8.326211420029501209e-01
1.379836765170475932e+00
9.502232531712022645e-01
7.332358795408345786e-01
-1.838806695616073572e+00
-7.402896275476379406e-01
-7.831342551210236369e-01
1.229222020390125625e+00
-9.446843901440026281e-01
-3.805730481066976201e-01
-5.532585823416880100e-01
-5.049968995848632541e-02
3.146732635646118381e-01
-3.504321501064422417e-01
-1.434582406162223656e+00
-4.724369343653960218e-01
2.778929329152687089e+00
7.377182037332371545e-01
-3.756943872335119505e-01
8.964028108877356571e-01
3.070835170049849849e-01
7.095698891365059824e-01
1.312215503121455518e+00
1.260695517941394561e+00
-5.697449346919610802e-01
3.044810964483222748e-01
6.847715460055905368e-01
-1.911681941474575874e-01
2.421355871576887919e-01
1.282810684568700843e+00
-1.584596155243940707e+00
-3.088401969491952892e-01
-3.555811953395034308e+00
-4.517358418657856922e-01
-1.929141163093550104e-01
-9.021471174755806288e-01
5.625226548491933931e-01
2.716590916791288279e-01
7.174084904985210676e-01
-1.387979351297424557e+00
-8.008826295406729079e-02
6.875837946643115206e-02
1.265422060052559194e+00
9.497903812775461418e-02
7.680304404707516408e-01
3.095738573740529631e-01
1.265022238635140850e+00
-4.735605322258524923e-03
2.899312362375671692e-01
2.649548320354829789e-01
-8.566622177283823580e-01
-1.194211589539442009e-01
5.611466915598584126e-01
6.666809809459026681e-01
8.690691088764609384e-01
1.193722050842181970e+00
1.362363461342160686e+00
6.621787726654264628e-01
-1.332880923977541876e-01
-1.241292802972518983e+00
6.795195565063415488e-01
3.273535379582072080e-01
-1.404109103942774439e+00
-2.686147898856087401e+00
9.871932034564366854e-01
-9.631409066642191430e-01
-1.328693651703851675e+00
4.153591829402373259e-01
-3.606510241956726759e+00
-1.569972517059744499e+00
1.312319855598681251e+00
-2.827248174301660311e-01
3.977979978840942010e-01
-1.062552631064183517e+00
4.519501861863138847e-01
-1.039267050693958083e+00
-3.252922614431101311e-01
2.869547879613890684e-01
9.144186404321823225e-02
-5.337763184388241156e-01
-2.965722710849807986e-01
1.350420589682299166e+00
3.220668422319960533e-01
-2.080185622571095738e-01
3.664969448502999327e-01
-8.273417674089362794e-01
4.901275795926661183e-01
4.357758282916344705e-01
-9.656604232943432065e-01
3.779821402252706575e-01
-8.272130416421831223e-01
-1.465896294503820751e+00
7.538695598414141275e-01
6.860273177575167969e-01
1.326277878099283658e+00
-1.942014968010208120e+00
4.203646379939678934e-01
-1.686580506942650715e+00
2.483713216874372076e+00
-1.761371949090599909e+00
2.106294999862601269e-01
5.202609123411998659e-01
3.090894745957049605e-01
-1.256624409737356451e+00
-1.528220807954875138e+00
-7.039101790192038299e-01
-5.753230617813503978e-02
-1.887898372635655297e+00
1.152129665489636468e+00
7.891851135884451196e-01
6.526355599142855679e-01
2.358331599006205370e-01
1.475684206740015991e+00
2.099717622790381544e+00
1.122812805089766552e+00
-2.283430272765855085e-01
-1.415474133865092521e-01
1.099525789948046395e+00
2.457993962753428074e-01
1.427290668007085817e+00
4.466539276267252334e-01
7.957808181723478036e-01
5.512597981642933798e-01
5.254604056061285000e-02
-1.333576843748881247e-01
1.554951474740378980e+00
-3.040519959114411086e-01
-1.358229260131508909e+00
-8.189765706564484660e-01
-5.620933729410624302e-01
1.926321723011136314e-02
-4.467034840325732059e-01
1.476895313378085328e+00
5.738902843268753884e-01
-1.873683824524900343e+00
-1.785539361201667341e-01
7.966008088629276118e-01
1.221610566515700519e-01
1.390751069570733467e+00
-1.658297747411337175e+00
-2.026043547952854629e-01
-1.457319713999572386e+00
5.435320216206860344e-01
-3.235456282417572549e-01
8.124640439856651852e-01
-2.100815371516619567e+00
-1.068390944613495153e+00
5.514602515239352964e-01
-9.213329863031911593e-01
-1.034556332391890487e+00
-2.930272209566439634e-01
1.140054573523735293e+00
-5.499657346300619309e-01
-1.845318325302728546e+00
-6.164097066617056642e-02
5.074329012724569932e-01
2.618201246254468068e-02
-3.071762009925311787e-01
5.864853953387972885e-01
-4.595522507604145046e-01
8.758936757949373764e-01
-3.490548819070256603e-01
2.214832146245205635e+00
-7.016884610548235202e-01
5.204862474655906901e-01
-1.380215096651262519e+00
-1.333235820150639794e+00
2.121441205188953349e-01
-2.154291026783349050e+00
7.233443939013404211e-01
1.235452318250937820e+00
-1.291802676508700676e-01
1.391998623185998873e+00
1.989864219989550653e+00
-1.812306201290557750e+00
8.832965988943173308e-01
4.453365331083298795e-01
1.818417264355708829e+00
1.174284032571157876e+00
9.859980055333518179e-01
4.765041037419580627e-01
5.568307484176957534e-01
-1.283319598794796512e+00
8.487935613163332116e-01
1.658991966710821941e+00
8.787783799561078579e-01
-1.158292359373604308e+00
1.494063074426224214e+00
6.895323392825434272e-01
1.998487916818846966e+00
4.916530396956152460e-01
-1.733742675086446805e-01
-1.064524445970402411e+00
2.882677385109628371e-02
1.378378773596723006e+00
-6.095879190400202985e-01
-3.523979641580816669e-01
-3.463859255281824256e-01
4.315929081858192462e-01
-7.464359464717901238e-01
5.960410740541400854e-01
2.873668030521571382e+00
1.776347501747923996e+00
4.468684973499227331e-01
9.563019023066716695e-01
2.256101567755667503e+00
9.037008424738456336e-01
2.679013642999840128e-01
-4.949414764221477525e-01
1.368466554894901543e+00
1.991573557313285781e+00
8.855112464335804789e-01
1.169859195124443918e+00
2.961326882714451214e-01
3.460243565887570205e-01
-7.470237425225123573e-01
-1.066862293851862598e+00
-1.242279475959224277e-01
-1.014871158242840021e+00
-1.686598593103881827e+00
3.452905987870301119e-01
-8.449050452967004077e-01
-9.400375638566556002e-01
8.653384035984698075e-01
2.118948155574157166e+00
5.269633614464029892e-01
-4.174902760585679773e-01
2.096587378493936615e+00
1.471623094529251663e+00
6.878289071912245811e-01
6.186280539096229020e-02
-9.709314849011971837e-01
1.759620375332285658e+00
-9.098474789682010622e-01
1.277724121271405222e+00
5.867716877994059166e-01
9.757781948020927132e-01
3.355124831617570247e-01
1.460542392703578107e+00
-3.269320974856598783e-01
-4.306079212623215580e-01
1.851556226447583775e+00
-2.667713808221076621e-01
-5.203107027017134407e-03
-7.260002991689158414e-01
1.144384382380734477e+00
7.741592741520969545e-01
4.090456830710442748e-01
-4.315481406730100056e-01
-1.018839906288978137e+00
1.478321634640449078e+00
-1.129085263960866170e+00
1.023724637324063547e-01
-9.276292763292715016e-02
-5.391661852593039317e-01
6.726822011890520869e-01
9.375599917798258520e-01
8.363426681779969618e-01
7.301072703395338204e-01
2.068290542354443984e-01
-5.170409719111924290e-02
4.662771172270220865e-01
-1.488126595107853278e+00
1.355646320510772052e+00
-3.789164626370321587e-01
3.626570260034543414e-01
-2.781082992616073502e-01
-2.608851383771658039e+00
-8.036577310540400365e-01
-8.021062625211463626e-01
4.322691835730379517e-01
-7.007195090547967409e-01
3.810494664257205871e-02
1.894661068957035344e+00
-3.737147379019846172e-01
9.113896444026330368e-01
1.442992576928480819e+00
1.071966961827969800e-01
