-2.760921123079839168e-01
1.394727095060156241e+00
4.586504547511445207e-01
-3.253303388419349629e-01
1.456697550488436965e+00
-8.920363797318391352e-01
-1.224394953317620161e-01
1.059467185758990571e+00
5.866702674570545284e-01
-1.240258352524542307e+00
7.602590024075032982e-02
-3.251169296498658268e-01
-6.251033492564802563e-01
-1.329400755277275969e+00
1.510444498592251328e-01
-4.788178920578198272e-01
-4.612433246351061999e-01
2.160400646074387698e-01
-7.919992783416484050e-01
6.356602196390568338e-01
-1.934558907943941808e+00
-8.327075681174891941e-02
-7.901778935028387352e-01
4.373842272575038104e-01
-6.622136564410692205e-01
-8.198567993414744848e-01
-4.106186518680466913e-01
7.648129693250229622e-01
-1.045138270391418711e+00
1.176082278239902079e+00
2.056480882118886022e+00
-4.640070975742406345e-01
-6.373466785194776829e-01
1.005996772642672177e+00
2.210320476211785401e+00
4.067856072630304798e-01
9.813493270316280270e-01
-5.151192674329386767e-01
-1.365915046638465968e+00
-3.131522712172403744e-01
4.817103896541647390e-01
7.862075227444249581e-01
4.752190369229085110e-01
-2.549557464753252067e-01
-4.846063284399217963e-01
-1.182537165562583592e+00
2.773855867565603317e-01
2.137350655008912081e+00
1.091415346299896338e+00
-8.259479593594383218e-01
-1.510919239367627620e+00
-1.281669222486948589e-01
4.613536063570200518e-01
-4.821660619177378648e-02
4.713679678146923818e-02
5.497199958291502098e-01
1.707088443598335115e+00
6.499034510215122573e-01
-7.335788633211354215e-01
2.927280862751284185e-01
-1.256907135559321542e+00
-4.950898021566217944e-01
-1.349556800034207527e+00
-4.121072586072780930e-01
1.838325240581693665e+00
-1.213479416068103056e+00
2.033339822417141174e-01
-5.229062114672016204e-01
-9.957925778393283966e-01
7.163901267568792974e-01
4.378459846333344063e-01
-1.365966704913949892e+00
-1.588532912690238996e+00
7.367443810258278436e-01
2.562391440171380985e-01
2.655196270357010890e-01
3.138115070878524926e-01
9.199237665291116750e-01
-1.989937484595333816e-01
1.553304270858300029e+00
-9.374213473081487447e-01
-4.400390350798185080e-01
-7.475999408112221634e-02
4.679108641992432704e-01
2.286860450186580795e-01
-1.244024571792104128e+00
-1.607845179466073526e+00
-2.571732158559158599e+00
-7.333310996176402030e-01
7.391419673323798012e-01
2.424498927960979933e-01
9.189007422999317942e-01
-4.880450648438644512e-01
6.777629695640021573e-03
3.434680027127686164e-01
-6.220831140735306741e-01
-8.329920855376111710e-01
1.540288178753670967e-01
-6.049287614967457927e-01
1.316912288250753793e+00
