4.505286626597615474e-02
5.033445560774352234e-02
4.873651599119708383e-02
7.201563245939252011e-02
7.960562440775210968e-02
3.017499938594206746e-02
4.851811434083665858e-02
2.783553890109834172e-02
7.941906343449130212e-02
1.815316488881494120e-02
2.186062326569548214e-02
5.620522902927259368e-02
6.054577841186777748e-02
5.115692634042819098e-02
4.277771030245564043e-02
6.773806267764290179e-02
4.786148507112307493e-02
5.715009080500857430e-02
5.505495754642959066e-02
4.779854505691368688e-02
5.409858541933889459e-02
4.737881962278356340e-02
2.050301940469146517e-02
4.879386020008101565e-02
5.264982836881128281e-02
7.083385716398177268e-02
7.391314154180533835e-02
2.944246363430617561e-02
5.645439209966900823e-02
6.452638262273821534e-02
2.020126256432508080e-02
4.442148556967228518e-02
3.575169444005554115e-02
4.690264977902487004e-02
5.101198807914710670e-02
6.993442491449673726e-02
3.883131850876864188e-02
4.249841834169018617e-02
6.181530790275596710e-02
5.464202207794788962e-02
5.594617756708616246e-02
1.695414654122743073e-02
7.039036171521731444e-02
7.408241863050415987e-02
2.415250559051619270e-02
4.015156529555654469e-02
7.754331604645001152e-02
5.429139605127823037e-02
7.622912172740731185e-02
2.226816311330263518e-02
7.295372612439690596e-02
2.487113158922526351e-02
7.583900485098063471e-02
2.663278757797591170e-02
2.928580102221197204e-02
4.693064604307298909e-02
2.656294196216968384e-02
7.196695577914956343e-02
6.932825453446690711e-02
4.997521848115878823e-02
7.312827223436854651e-02
6.242347206527219111e-02
1.672480213067110977e-02
7.299844518539977400e-02
2.227760379751099820e-02
6.171323713640156777e-02
6.084521436851542120e-02
6.107542417825491399e-02
4.198751703541695607e-02
3.319195768829907855e-02
3.677020913700587701e-02
1.586268247200094128e-02
7.121593671773440715e-02
6.096613078777409628e-02
5.005115251018033007e-02
5.139186841515407805e-02
5.290257811653532871e-02
5.757698514815687979e-02
6.660325632758659631e-02
6.570842528156450868e-02
2.346299676514024268e-02
3.058938072817856194e-02
2.144373294896038951e-02
4.396131628696904603e-02
6.975329496234444759e-02
5.692550610388776716e-02
2.293941482222242728e-02
3.277304815233618440e-02
6.576637426036552325e-02
5.110506263639486013e-02
6.418628558921982141e-02
5.361120396770745200e-02
7.008388019756045528e-02
3.731268427483676320e-02
4.661540924968241711e-02
2.273473448345978906e-02
3.961582183416773734e-02
4.190088506997449724e-02
7.123079144970119458e-02
6.852025578993364840e-02
4.029074546176963922e-02
4.396600390881735820e-02
6.008777884743583125e-02
4.618957999200488940e-02
7.148541415532838617e-02
1.792174052389325020e-02
5.232845586855500858e-02
4.657918176144123373e-02
3.901047324011693712e-02
6.643454076505345141e-02
7.896936777317578593e-02
2.655321229926208698e-02
7.347456184809615654e-02
7.286653971084690318e-02
7.307513768787549102e-02
4.138251150627933472e-02
5.503518494444403081e-02
3.974602114361090732e-02
4.219272443677299367e-02
4.376459109961555738e-02
3.843820238183008609e-02
6.604695783409340881e-02
6.438559233405224957e-02
2.832301445044367247e-02
7.080996915872828090e-02
7.148027214097393833e-02
6.469966628417879451e-02
7.033243094885649471e-02
4.228026361809913980e-02
4.550734532462486631e-02
3.538090921731461280e-02
3.317456938420366291e-02
3.526844195737501020e-02
5.374769995490027291e-02
3.277922197603935772e-02
7.850432820977804038e-02
3.489299377138943559e-02
7.889664248086103449e-02
3.326500068226222184e-02
5.143788667690232103e-02
5.733782507289040403e-02
1.844839340943784864e-02
5.503629625330894864e-02
2.383067934912531938e-02
2.562981103977758635e-02
1.748259868347352974e-02
6.534655779094782069e-02
5.258059425126283826e-02
6.785577313414581369e-02
5.450224426687530488e-02
1.586393679097832313e-02
7.345076090486515885e-02
7.751744748110940553e-02
4.559087309081677475e-02
6.407375364939278672e-02
4.233339487449236382e-02
6.739793186904283195e-02
5.642420273204233616e-02
5.172433029935590704e-02
1.741659685242516464e-02
2.354731468485272289e-02
3.631691311434898095e-02
1.826986968049907484e-02
6.825298339110988377e-02
4.422223364784952371e-02
7.071293949053966688e-02
2.765552200919976084e-02
4.538283927010114405e-02
2.562192476878573377e-02
2.043252665492352113e-02
3.774658536729219582e-02
1.629698137463693811e-02
3.084566543828820562e-02
3.867775135309055312e-02
5.367579464316147436e-02
6.619934765752341632e-02
4.256191702620295420e-02
3.041325522377427010e-02
6.133057160089127463e-02
3.889014497162635031e-02
4.948153708034187109e-02
7.849487342038964643e-02
3.550387395975805604e-02
5.849851876990178751e-02
7.391830933238198453e-02
2.122689130159093052e-02
3.159458656506840268e-02
4.898666413827683364e-02
6.116428496476541965e-02
7.927459973472451848e-02
4.661202736628677901e-02
3.239861750895545178e-02
4.477432547341923808e-02
2.626867407671074767e-02
4.047482380276387626e-02
6.929745042354439055e-02
3.710870130197652106e-02
5.185003443625089969e-02
6.256777650862416218e-02
3.204572648157984205e-02
