7.323899020684086769e-02
3.916411540979045092e-02
4.859312127586780383e-02
2.051658172771902294e-02
2.662642100700829059e-02
4.840585140934009628e-02
2.143117525741206064e-02
7.572298436703314706e-02
2.095259645597945947e-02
6.187855422711883990e-02
7.261216387931766769e-02
6.900382450013975433e-02
2.204473203961148861e-02
3.510230237572976170e-02
4.980971294200572247e-02
3.930204108942549068e-02
3.611658615001759470e-02
4.950448842455835302e-02
3.635216987518628817e-02
5.240602413672981741e-02
4.771566775525205167e-02
3.210760051077250765e-02
3.103934135760664029e-02
2.292902530541943845e-02
6.418184101388860197e-02
3.618109483144106575e-02
4.124188797515444815e-02
3.579411726800398041e-02
4.982836453859947751e-02
2.235634348374021529e-02
2.282683853497293608e-02
5.709942865377707483e-02
7.723676786979830067e-02
5.756361656385179659e-02
2.871030710028049659e-02
1.847501642076203321e-02
7.191444549092630700e-02
7.108678656745961999e-02
5.185934106639818880e-02
4.647109686642260373e-02
2.373580203396928948e-02
4.299481972238741040e-02
3.144660643692824553e-02
5.243066847221317800e-02
3.166277688708237642e-02
4.172316557924179992e-02
5.728854539919028127e-02
3.116153610256341619e-02
2.793877898041191923e-02
7.232870384561829180e-02
1.504805044339250011e-02
6.971336944565249827e-02
3.433257820943376448e-02
2.615597464108331688e-02
5.018412488639228952e-02
3.263294024621726797e-02
4.906412235022354629e-02
6.219078308750401740e-02
3.674796756532650727e-02
1.633532051354126893e-02
6.827448164789931551e-02
7.195579103089254358e-02
7.887599711144335779e-02
7.597703089430404844e-02
4.391585835779467789e-02
5.119750141628476303e-02
3.033703869939703701e-02
2.364116111292339367e-02
2.105829562065960475e-02
1.917616543727495432e-02
6.654897945500948264e-02
7.026351362664159939e-02
6.629739587438009119e-02
7.423899026200347917e-02
6.145049845520524079e-02
5.811295553738024533e-02
5.207804312190624646e-02
5.666037725583214502e-02
5.451587227341243153e-02
5.535359747384490520e-02
7.842995978319280970e-02
3.896508542437886885e-02
3.676577553315883706e-02
1.818653558934080899e-02
3.444708654187361718e-02
7.635001581147564387e-02
7.942928351004907572e-02
3.823988682573306597e-02
6.126614060173378451e-02
3.966928940957752114e-02
4.263355039428118332e-02
1.732132995015585319e-02
4.612275704449363828e-02
2.829990990848808147e-02
7.920541965537204743e-02
7.614602761846622769e-02
5.991858619117663987e-02
2.149178796223242399e-02
3.584899341679807783e-02
4.256770520332139873e-02
7.817332222202091896e-02
1.882031093857116158e-02
7.836315986242381459e-02
3.659269239598155615e-02
5.240818618021154951e-02
4.511342656567510212e-02
7.352901053075815152e-02
4.439752648899009113e-02
3.923586609875701070e-02
4.174513777710309181e-02
4.222885309153678879e-02
1.570610646541608854e-02
4.862074125934636587e-02
3.445710730919895881e-02
3.449441487663427314e-02
5.268661747504912313e-02
6.159493572269149342e-02
5.530308410474031600e-02
5.103538893190671943e-02
3.109982437287711968e-02
6.032163281543352629e-02
6.269904957088542896e-02
6.134872313449999531e-02
7.003775732630043716e-02
2.491407577732175638e-02
6.852054464381698851e-02
4.365339792783248796e-02
7.912948347697959517e-02
4.464509218607775470e-02
6.932060488526028963e-02
2.599415539587258267e-02
3.327571659746395016e-02
6.520769611429057255e-02
6.062899261169498594e-02
7.845113491761435132e-02
2.842084813513982497e-02
1.764334228018194992e-02
2.004939013163506770e-02
3.256369171263175100e-02
1.937529280114793154e-02
4.307835118185321388e-02
4.244954167507156151e-02
4.683064633404208227e-02
5.499030789609486713e-02
5.276907113609445588e-02
1.939011850614021093e-02
4.937937140798325658e-02
5.502271428691926647e-02
2.043997158715173124e-02
2.384645043573625431e-02
6.580097305704307731e-02
6.307017991913478616e-02
1.525807544973069134e-02
6.578655853082975014e-02
5.197185224724502894e-02
2.698584216998645147e-02
6.770486067034287014e-02
2.979743829023791604e-02
6.939940946611233841e-02
1.560408929162690472e-02
4.278450606923162036e-02
3.145337421507108516e-02
1.737537269031019099e-02
6.258003965585595685e-02
3.842022277759862825e-02
7.253124153098167159e-02
4.500904425595811387e-02
5.182753676052594127e-02
4.385965306639291739e-02
5.929666955738414902e-02
3.112286566332859300e-02
3.145054857938875403e-02
5.636594749642151458e-02
7.531085634771898796e-02
5.180757738472185209e-02
1.718167776422925910e-02
6.186705029136233686e-02
3.091430260519606454e-02
2.250749457738353970e-02
4.608080620298429797e-02
4.930525315906527511e-02
4.008622646784464061e-02
2.837661477415240330e-02
3.238642825242254997e-02
7.560027257223808639e-02
3.725825648072526863e-02
5.396009578594349737e-02
4.463448315689146073e-02
7.654876278235589471e-02
5.440928105134103243e-02
7.179714922404613342e-02
2.292183597159813679e-02
4.357111056683209138e-02
4.967978735185430567e-02
2.732059927809114136e-02
2.723926393179058533e-02
7.791474797517958240e-02
5.668417059823262910e-02
4.321858425287744554e-02
5.952117260064487131e-02
