1.147001260163612146e+00
-1.322295522366340625e+00
-4.993386687667104584e-01
-8.456472184024842464e-01
-2.852002245061001640e-01
6.765646040919227611e-01
-2.181882926942437351e+00
6.082698580762067042e-01
-7.478816015213696211e-01
3.479058261959261933e-01
1.108867100762061852e+00
4.623495420292416530e-02
3.838192222294940781e-02
5.521677741732399225e-01
-4.287266667257204622e-01
-1.186246813119939514e+00
-3.774204649436757597e-01
2.088303968741488381e-01
-7.862847977149338696e-01
-1.465063332920862216e+00
4.777298065940031035e-01
-1.480472477827318833e+00
4.222463246155161443e-01
2.250146507206635116e-01
5.595723451508280988e-01
-1.115196169121743575e+00
8.936730569802107116e-01
1.123276293300688788e+00
1.196013462997781440e+00
1.436704805255394568e+00
-4.135846840203448171e-01
1.394519835021910792e+00
3.258102694240591068e-01
-1.013507692730034382e+00
1.674087697327280244e+00
-6.518792612640189610e-01
-6.950732668486397925e-01
-8.869330123701976154e-01
-3.530123866800386478e-01
-1.387233647023427441e+00
1.827967139909002281e+00
8.771311975169245045e-02
-1.773905412380275270e-01
-1.160675376016040206e+00
2.609520192983752374e+00
1.205758600351814147e+00
-2.104314515418966192e+00
-4.387688559915440267e-01
-1.259301880048642630e+00
-9.414174362851620570e-01
-1.256407629229245204e+00
-2.866376478588547605e-01
-2.191564310560204787e-01
1.481201251375850736e-01
-5.718207453606309887e-01
6.502805789074969089e-01
5.899346223115067289e-01
-6.695628758467281338e-01
-1.239273869736964739e+00
-4.893427828431906601e-02
-1.874352990987715462e+00
1.878904018356303940e+00
-1.122325692319013635e-02
9.171666241883466020e-01
1.869125638238671727e-01
5.802180713237202747e-01
-4.248018687820500315e-03
9.996546251107524261e-02
1.031271831141537865e+00
1.514174909452805085e-01
9.724818189082617970e-01
3.420804316262915368e-01
8.893253452840443884e-02
1.504148575409248734e+00
5.807873045131970446e-01
-1.027139623325081130e+00
-5.838011280266046654e-01
1.611482493785926506e-01
-6.008078334944055160e-02
-1.395545232749936804e-01
8.084057616215901687e-01
7.568427943248321466e-01
2.145524130306348365e+00
6.345869581902523482e-01
-1.437582599763647995e+00
-2.249743939281615701e-01
1.511961255084151912e+00
5.366305672098683477e-01
6.427835656732947545e-01
-1.400711839367286604e+00
1.176990745759700918e-01
-2.999998409195452354e-01
-9.724015706252613356e-01
-1.958991546979278187e-01
9.189537643125519351e-01
-2.828039778477274280e-01
-2.206026142363454179e-02
-2.080774167709956504e-02
-2.978777308915456778e-01
1.961666890942710406e-01
