5.897171376254848468e-02
6.910156911720752304e-02
4.675014506549715620e-02
1.923431849907698832e-02
1.734051321089278772e-02
5.455878091059650215e-02
4.952711686488641546e-02
7.870756104977034984e-02
7.697051592782370999e-02
5.609501982549442572e-02
2.476891360469098136e-02
6.628538855974258626e-02
6.868657796019900230e-02
6.242530137963506198e-02
6.600393475076531125e-02
5.025643636882855259e-02
7.602940190332542481e-02
7.228638868790410177e-02
3.247974392619233652e-02
3.203455208880402749e-02
2.615751763897061419e-02
4.007683994955583973e-02
6.861801631527211787e-02
3.545546113317259163e-02
7.637777061939524104e-02
5.702961782158744164e-02
2.552972580068037928e-02
5.039262195529840144e-02
7.285776221236739403e-02
5.114724075040739948e-02
4.561095853189015004e-02
5.410249800029046097e-02
7.630652005172415542e-02
4.164201871255790444e-02
2.210987899095222253e-02
3.824784832785587535e-02
5.639685823799578390e-02
6.621654684228781007e-02
5.422662970058837045e-02
4.374366598231718695e-02
7.539796223463113289e-02
6.750498455700663925e-02
6.258553870858916957e-02
4.959264758852208882e-02
4.305279445245857595e-02
6.920393087038106961e-02
5.264604220561745068e-02
3.039140928416719789e-02
1.581723323711531001e-02
3.859530672349581470e-02
5.108240448096153241e-02
4.080312664781114707e-02
4.308713192990314828e-02
1.582186392466108926e-02
7.024346795997221671e-02
6.240646064583095509e-02
4.837677822734350042e-02
7.850489248309167056e-02
4.681048350555161441e-02
7.388652136469447962e-02
5.527468837175713440e-02
4.988204373447602258e-02
4.025118037797802140e-02
1.982810965535901707e-02
7.101420178182729637e-02
4.355253651342866350e-02
6.626956607090703222e-02
2.665061071452797664e-02
2.988927544598014158e-02
7.907097957366392149e-02
7.983338528542024970e-02
6.031246127323116463e-02
1.544785388366672237e-02
1.744268324130070213e-02
6.938138182898515027e-02
1.908392687298779075e-02
3.673369776114614876e-02
1.809522382730139115e-02
2.029007747638194789e-02
7.780385724122391988e-02
5.178466440067344689e-02
6.026312221806927327e-02
6.327779587833895492e-02
4.522725970003189933e-02
3.085470971186375991e-02
4.778143064774795223e-02
7.174100404354136207e-02
3.071892374480629864e-02
4.274810258137690111e-02
6.168646245277636941e-02
6.286778434201195642e-02
1.812349432361495816e-02
4.241567056930033858e-02
7.756551965262370452e-02
2.000023041513093736e-02
7.686200427843645211e-02
4.746783603586848116e-02
2.864577208779807427e-02
7.281543092429403063e-02
5.039722000257113727e-02
