1.328027324913404472e-01
2.236071099099170081e-02
1.141627632304921258e-01
6.337067155064914081e-02
4.528592710623893791e-02
4.758897518064818949e-02
8.878186627545632537e-02
1.016722327121670488e-01
5.096644894093180778e-01
8.752102455027956918e-01
1.974128134012210212e-01
7.856197014931093348e-02
1.878458862560853163e-02
1.367833785293249560e-01
2.347399302073065464e-01
5.590118482840479575e-02
7.803885084578140452e-01
7.732743748042778149e-03
8.668816584320580831e-02
1.979718604270006010e-01
5.025312472471519243e-01
4.579512554887455421e-03
1.549393839524722816e-01
1.602194245714279042e-01
2.061365369167508232e-01
6.621486893020450681e-01
2.251987430091199061e-01
3.757228387433148020e-02
8.437113495337343616e-02
2.163819260179974113e-01
3.701990994969974746e-01
5.514549861929566449e-02
1.891879269845755662e-01
5.135741068743312487e-01
6.525096228076793237e-02
1.393194585824751586e-01
1.509834789387431639e-02
8.248866437980797994e-02
2.590727044721002903e-01
7.785337458724266024e-02
6.357985708681642908e-03
6.559878353177986399e-02
3.649969340845110599e-01
2.795804865343361201e-02
1.439106806623715977e-02
3.005630747074659603e-01
3.811505086079023524e-02
3.895066060628626370e-01
2.136000134415181606e-01
1.919574746775320473e-01
2.455017496127018806e-01
5.242105369772760426e-01
2.442938722568709364e-01
3.267895080575291406e-02
9.982412990044929255e-03
4.417332675829204608e-03
6.570961950216988035e-01
4.939957303007935785e-01
3.992877739530108216e-02
1.142888998725766769e-01
1.899456140460276388e-01
1.725812030483781234e-01
3.580323875546945755e-01
5.803446324246018528e-02
5.099851777232417005e-01
9.194984762370174425e-02
4.281438877509622376e-01
5.047667898244262430e-01
5.979735866202390976e-02
1.963876254370904018e-01
4.277626094434140019e-02
2.054870349790910988e-01
5.460654489525496730e-02
3.680207111794525088e-01
2.430647668213980206e-01
7.458229703260925714e-01
4.393058583917842652e-01
4.227379789167176605e-02
5.415583176797546250e-02
8.407564158510573427e-02
1.260269458242724572e-01
1.623740696927835347e-01
1.857923136307880474e-02
2.212474990178076376e-02
1.251057298897786385e-01
1.095733420850717038e-01
8.563288959681494283e-01
1.528132517103224577e-02
1.071983461528632914e-01
1.283633680284971268e-01
1.671044357085046950e-01
1.536332644646112577e-01
9.979570526925082841e-02
6.190867698549311626e-01
2.803132914494250172e-01
3.438618039134199722e-01
1.510952473541177232e-01
2.578809451596097979e-01
2.093464933073126977e-01
2.195920227523416590e-01
1.437695572456344217e-01
4.308801162530624673e-02
2.022963543427252486e-01
8.067307417998595409e-02
7.974295701025936600e-02
1.724840591728360184e-01
1.715625470359610771e-01
4.444635453396950098e-02
1.175263214536844542e-01
2.166522702882375528e-01
1.026887581603190602e+00
1.945071040105935678e-01
2.829301361189945005e-02
1.580472987992205813e-01
2.576513996089244696e-01
1.690379792349407106e-02
5.522661209739036098e-02
3.443433519207825949e-02
2.704977703330510574e-01
4.365738535694236866e-01
2.647704535321451225e-01
1.741560915020981259e-01
1.836467008115907351e-01
6.012163041854484691e-01
8.986004322395898733e-03
9.958004150162325097e-02
1.113744458750952696e-02
3.185340457503358595e-03
7.007498716601548439e-02
4.126669703244184584e-02
1.054447872181600576e-01
2.606444799071518797e-02
2.561086893289264785e-03
2.292859213913343575e-01
5.199871326741051236e-01
1.207791213287997961e-01
1.815369245667762532e-02
9.772631018040690842e-02
4.084049386231371204e-02
3.626812831350703648e-01
1.132642422291687580e-02
1.214022199441410627e-01
3.922686095488984170e-01
8.006880831962708001e-03
1.981962043073690338e-01
1.761624378653530720e-01
3.095057082493339329e-01
4.338463269775290343e-02
8.172225543608130360e-02
9.954149456610633662e-02
3.780604595260654288e-01
5.035500599114549336e-02
5.210650768711409114e-02
2.188985599430353923e-01
2.525165050770148967e-01
1.919167719851974652e-01
4.020609453465673333e-01
2.214792593781905461e-01
4.759196932454068940e-01
1.575044227229946935e-03
4.516310004597704625e-02
1.655014584150323598e-01
5.152480402161005446e-02
1.674267331144282667e-01
1.899547078668655520e-01
4.741902724045480855e-01
4.916696492125296469e-01
8.574569184270409705e-01
2.131377519501836959e-01
2.189824215228322601e-01
7.107987825839153645e-03
1.966272547343855537e-01
7.284821639140887095e-02
1.411227083565934348e-01
1.599504772325807400e-01
6.610095852538165617e-02
6.514351994602789186e-02
8.186294612603961518e-01
3.882774410711314211e-02
4.605884863270160584e-02
3.315938357350557697e-02
1.317012834477998828e-01
2.997395701620901298e-01
3.810569041260589151e-02
1.306274591610415980e-01
2.051207811018806726e-01
5.528453144282803322e-01
6.781033649962010523e-01
3.095067153943849014e-01
1.901639055003331025e-01
6.219512010556722120e-02
9.875745405905747565e-02
9.264275111424221179e-03
6.164534655887198705e-02
1.741588429715626718e-01
3.185520990493720395e-02
1.534981112992971353e-01
6.488361907430083286e-02
1.355978442339453582e-01
1.030298348670139474e-01
