-5.067656609460606809e-01
-7.328227224012933139e-01
-2.007991202312800816e+00
2.524266264962986006e-01
-3.718495614577845276e-01
1.315757185833097864e+00
1.088429786424872092e-01
-6.233344808353450395e-01
-4.325555089166137068e-01
2.034834248798817469e-01
1.237765387764582004e+00
4.947377225366714204e-01
1.237178130513997498e+00
-2.163369777544533745e-01
1.352497858506558570e+00
-4.643113806805330146e-01
-1.124473912853587665e+00
-4.312395749067718387e-01
9.461379154881891518e-01
-2.253785398207941437e-01
5.627696475221026784e-01
6.507964525077793161e-02
2.288212494039188194e-01
1.590534508298020233e+00
9.326096647877258894e-01
-4.973625691446835195e-01
-7.249615145913655967e-01
8.457424647110094451e-01
2.469753349412860399e-01
-1.642519301119839570e+00
6.842242537174589856e-01
5.325174768043242635e-01
7.919503617435968978e-01
9.619761671400687275e-01
1.021623189419992528e+00
4.561485267146386247e-01
7.973478939749576444e-01
6.064732343193646180e-01
6.960508070114471701e-01
5.065384894257666248e-01
-4.645213183148470537e-01
1.613194575570461586e-01
-5.205276234991373929e-01
-6.102404356990016598e-01
4.739447213194191710e-01
-7.386022355027722641e-01
6.351921626821108724e-01
-6.304885670320445890e-01
1.330516806352052495e+00
-1.451293637499482259e+00
-6.211152558322011741e-01
-2.984107597963639447e-01
4.102286825030320161e-01
-1.204353602291724057e+00
1.802998544400361114e+00
6.217761575703582011e-01
-4.673626630379545399e-01
-9.268260441005170269e-02
-3.468178891311122225e-01
-2.562183174598849263e-03
2.086427281496799235e+00
9.841684015381437778e-01
-7.030187058652145327e-01
3.984702857646595930e-01
-1.436469226769945262e+00
7.154802888953104567e-01
-7.406651267181709741e-01
-1.867935318575780768e-01
-2.661946973863315580e-01
-4.257208213504444783e-01
3.980807780465650536e-01
2.487483928881156492e-01
-9.476323184629027452e-01
2.849315464113378216e+00
4.705216683718758119e-01
8.910642765596559212e-01
1.143830627481955409e+00
-1.156838121389291985e-01
-2.424360648979173583e+00
2.352275929572976043e+00
-1.008315035244418567e+00
-5.305731845013789139e-01
-2.763356103971469913e-01
-6.908740437683047464e-01
1.073430182885626583e-01
3.589597713621954234e-01
-2.579024652225283543e+00
-1.422503109337522442e+00
-1.466440840635186538e+00
5.649075115985218165e-01
1.369635618442648139e+00
8.127040954619558777e-01
9.045640670434410557e-01
-7.420815564796651165e-01
8.974311548830319341e-01
-1.034796591416502709e+00
1.745340090315152137e+00
1.158844252994679191e+00
1.112648182924365514e+00
-1.664798148397362176e+00
