3.177285343948794138e-01
8.255317369083332579e-01
-9.225625212242831719e-01
7.506443939723381753e-01
9.916413142578964224e-02
2.168456346437157012e-01
1.683736230955853452e+00
5.936405213385318458e-01
6.043800377377115396e-01
7.337433763757117422e-02
-1.627166903734634240e-01
5.295099088017325428e-01
2.706348331890076619e-01
7.216129328206500881e-01
1.637145024190501008e+00
-1.921957776701355841e-02
-8.565928347094490247e-01
1.244995868600681094e-01
-5.890498578237689520e-01
2.783718808803365086e+00
