1.198306396319272493e-01
1.916817174201105867e-01
9.883851588241135411e-02
1.239244981192937078e-01
6.894085963802049077e-01
2.009304390911175464e-01
2.320278008726493063e-02
4.223338344284256057e-02
3.278100937145221327e-01
1.144318662917271079e-01
5.791864898253701321e-01
4.692016188959804296e-02
3.927514944802683317e-02
1.297237747532225538e-01
8.363598527171716146e-01
1.160030804117750530e-01
2.770120139737617393e-01
1.654716901644782412e-01
1.862297918572635436e-01
1.525991831641409580e-03
7.229206343571487059e-02
5.207622738883154606e-02
2.914900859119036181e-01
1.187532025956257176e-01
1.348887431123725889e-01
5.356231285419447118e-03
7.642623039298915288e-02
1.862355791144120962e-02
1.440290842553189621e-01
2.496308417162527993e-01
5.967824928999553302e-01
4.691325949247974747e-01
3.428190910678293856e-03
1.663514955232959017e-02
4.954224314611829078e-02
1.318733054083488614e-02
6.046281414097864904e-02
3.595787342315291957e-01
4.712900473589307082e-01
8.850723717240140953e-01
3.809526408253756380e-02
1.618689920565900553e-01
8.722742931931293242e-02
1.276855406549214089e-01
5.414317275262804652e-02
6.041887884780690679e-03
2.841773107634457465e-02
3.163172337073055090e-02
5.075835060783673996e-02
2.402830039867204781e-01
4.196360292632909661e-01
6.138201667958391727e-01
1.399350004510062917e-01
5.708170235622066907e-02
8.290495397579469850e-02
2.157244561968008623e-01
2.386445856842303592e-02
1.350746926681498962e-02
9.717599491112616228e-02
2.834942858726893083e-02
2.324890821593957393e-02
7.013482444454829934e-02
3.196346506649731800e-02
3.952470531282008537e-01
2.086187022935830637e-01
3.165782075096350984e-02
2.179975482172735179e-01
4.111041649520656704e-02
4.497803869619456524e-02
1.085369590105509374e-01
1.910046149153598050e-01
1.340217429442494279e-01
6.325082907314051595e-02
2.797476083668795632e-02
2.457820270655871608e-01
5.162914923384074282e-03
1.120661665542415919e-01
2.198311403213063647e-02
8.544466733105823830e-02
9.878298844741778550e-02
1.261720362644828952e-01
1.478273262695428691e-01
3.086480490335635207e-01
1.015680341098216810e-01
1.043267057470667475e-01
1.702916166449498780e-01
4.804171815745101326e-01
3.754584534073662216e-01
5.436339233004239962e-02
1.270055195213074528e-01
3.192184265777000540e-01
1.907891824139693882e-01
7.386736720934346245e-02
8.533250488960246460e-03
3.379338223967323640e-01
3.129393188749529098e-01
1.286225424480402779e-01
9.180580815469790990e-02
6.347863026888750371e-02
1.226088816901367951e+00
1.250960076287577771e-01
3.471768608883820662e-01
2.240321277876241579e-01
1.537318126020176257e-01
4.177238426180198555e-02
4.954135161781812735e-02
1.515536758279481533e-01
7.153755486298517263e-02
2.892188925491431806e-01
3.508942891362176186e-01
3.148936521382994513e-01
7.378994079902440051e-02
2.529967341943641437e-02
4.766006834195957859e-02
1.424520738597637171e-02
6.452973730559799503e-02
5.424062992581301090e-01
2.418847908324541461e-03
1.854467932086378001e-01
1.371161687316539424e-01
1.222982358431782927e-02
4.959195514252952575e-01
1.652185001442496104e-03
1.120617463767849438e-02
1.868289639016097181e-01
9.651294763746974537e-02
1.649251492466244362e-02
4.964499380981721166e-01
8.253000642276044907e-01
1.703237541061557447e-01
1.845168835197477375e-01
6.057332102428242965e-02
1.386896670644513774e-01
4.510430701580369489e-02
2.597754461796991099e-01
3.923976360265829522e-02
4.494542218964215907e-01
1.457235118175967403e-02
2.732224120921008387e-02
6.474988355456243738e-01
5.431352676185322026e-02
2.855878885879347892e-02
1.158423277157098613e-01
7.756961796520001062e-02
3.961828750135439337e-01
4.477994032675877006e-02
3.344467841510728040e-02
1.561483005408225710e-01
1.537701049023361688e-01
2.246238810960738130e-01
4.055525449072691635e-01
1.606978042934058548e-01
8.538368029642747848e-04
2.309460463417439546e-01
3.578993830510000113e-02
3.158851484389344488e-01
7.903263986076367598e-01
3.523940927546852508e-01
1.273874824329276068e-01
2.381308028379857944e-01
4.583661074293671200e-01
3.521437016194629011e-01
1.304094065950422709e-01
7.514111556471775311e-02
4.367247072255501378e-03
9.531631736455914439e-02
4.430635024531390936e-02
2.373755465139921680e-02
5.764677851582001439e-02
1.361587435150770631e-01
2.834978138141852066e-01
1.394449330394952058e-01
3.141172055678450592e-01
1.524453657432338627e-01
1.557895864066893288e-01
2.189658172967578684e-02
9.797251976688528541e-03
4.253300991728696523e-02
1.078108126915384157e-01
2.572003288785755515e-02
2.793832701612931069e-01
2.517790432743712177e-03
1.035739423840372972e-02
5.856613079596970639e-01
2.920946449398905548e-02
2.003554100774430635e-01
9.131168097204085676e-02
4.594976272072495149e-01
3.010746306480593243e-02
6.701294263693308162e-02
7.297084304356026181e-03
1.744201862481792667e-02
1.326723216392651505e-01
5.167473577743483815e-02
4.923737817239121073e-02
4.975161340462200266e-01
3.138087872568692815e-01
2.150145510178537445e-01
5.734585934581394318e-01
1.259460066418321700e-01
