7.304049415050281602e-02
2.400644731120238004e-02
2.958472776488603184e-01
2.632818491181094789e-01
3.013441220936744491e-01
1.188520576409366203e-01
1.005524457805721639e+00
4.377100317381392713e-01
1.048588912757786179e-01
6.145655248008965316e-02
1.973401600488312313e-01
2.576770346219217078e-01
4.777211714658267244e-02
2.000357160244922994e-01
2.322409285612008767e-01
3.568653280446741627e-02
3.537435039902438183e-02
1.430050360187135328e-01
1.756381468398406920e-01
1.011591379589295292e-01
2.080368660315174700e-01
3.498526042003351211e-02
1.167238862963750484e-01
2.978364049311772038e-02
1.860928301032021281e-01
4.004667304262787275e-01
1.910697933755287903e-01
1.097601965330699952e-01
2.518188917561779705e-02
1.718830868785395094e-01
1.285173510280337994e-01
2.978232990233765573e-02
2.099918298667661706e-02
3.780296437577664731e-02
2.810120593773098724e-02
6.222531597749625387e-02
1.129985728377121135e-01
4.561320581118391004e-01
5.582544616509902413e-01
4.074813350552163316e-01
5.482483961341721307e-02
2.944924462923282499e-02
4.369903574420563319e-01
2.081213593014555885e-01
9.726713400236862428e-02
9.534719743188865143e-03
9.052936395584276763e-02
1.349564265981684913e-02
4.431117360942316563e-01
3.217056211005410171e-01
6.387625678764001502e-02
6.796519315438594167e-02
5.442124192727736398e-01
5.525427010539955483e-03
1.213385414352359483e-03
7.924885722370049734e-01
2.356525368516996510e-01
3.486172692499325126e-02
2.983663514145571405e-01
1.953571176820664140e-02
4.400669559052508562e-02
2.509677005107585623e-01
7.408697653268521421e-02
1.859195716040819846e-01
5.285786254042988686e-02
1.598531981265331192e-01
5.104259053766906362e-01
1.488217768202276456e-02
1.070485305222335759e+00
4.863213780809490933e-02
1.658069446697135740e-01
1.000183788635902599e-01
1.254054799027722877e-01
1.484283155980976043e-01
8.638872416623039063e-02
6.407256067725011217e-01
6.044218812962506293e-01
2.765052655567329931e-01
5.829322269067081091e-02
2.321903077002596683e-01
1.867455940343107357e-01
4.444447318135509306e-01
4.853803248626091249e-01
3.053743423960337822e-01
5.456006293744116720e-01
4.876913392793360558e-01
1.549491941128422305e-02
3.628582038726914094e-01
7.827692741220101946e-02
4.153603706904536730e-01
8.072802923160622424e-01
7.168591268296738150e-02
2.366831092560104169e-02
3.528587435447189807e-02
2.270554413740132407e-02
1.790825716955836422e-01
2.235504659368948432e-01
1.851231844873467702e-01
2.097707511354519327e-01
3.206567106008915979e-02
7.149716557151448992e-02
2.383919785865703800e-01
1.108428023034444404e-01
4.055042713374886615e-02
1.397092116658203431e-01
1.785868222837460884e-01
1.952642865044146581e-01
3.117456820442321974e-01
9.300588848088246763e-02
6.870813923656102218e-02
1.465961341993848865e-01
2.200977382068038668e-01
3.119645408772480505e-02
1.282684806512311704e-01
1.185948167869502329e-01
6.862523409904677796e-02
4.222246116941071326e-01
5.677634307258621060e-01
1.020423186926825432e-01
4.188558795090290693e-02
1.253082333264844417e-01
9.449304250500629304e-04
3.845229714864221715e-01
5.016854698980905969e-01
1.554287351762376757e-01
1.338018174632517321e-01
2.865619813975395225e-02
3.261987337641332908e-03
2.486273601902211916e-01
5.319618924503392160e-02
7.065990290524489792e-01
2.312272419806128687e-01
1.546018679296329024e-01
1.919138212644184438e-01
9.972513181873853272e-01
9.524625966723744563e-02
1.136506839884497966e-01
4.421656836849937600e-01
3.927135014109669475e-01
3.089735159243647833e-02
7.178438965448800113e-01
1.196143646679246331e-01
3.990769004461369035e-02
1.670592176989359467e-01
2.007188538803904021e-01
2.476985821589478692e-02
4.184239587945636218e-01
6.247415342071909600e-02
3.305456381065616789e-01
5.933296956015653850e-02
6.180170092759684763e-01
3.424619664658502538e-01
5.032150487366400249e-01
3.724678287720044612e-01
2.736675214642796394e-01
2.841215390484497574e-02
8.533306036580398102e-01
2.178807761424687503e-02
7.445862820670671178e-01
3.803701549543184179e-01
7.348849702420380270e-01
1.030674329419939278e-01
1.244259457955607662e-01
1.776878024039282022e-01
1.364547461536682882e-01
5.670134984781320144e-03
6.321080750284006899e-02
1.640460851059736269e-01
2.296996440849474394e-02
7.543421922526712120e-02
1.651452145090122337e-02
1.156800297044061898e-01
2.838121025557816327e-02
8.989928719989878636e-02
1.122673919995163805e-01
4.210937607166108376e-02
1.475833933871682768e-01
1.184254537880828684e+00
2.963860925359025900e-01
2.513376143612907135e-02
1.307790625229574288e-01
2.558958598467638845e-01
2.672837290432839019e-01
1.811661076231598499e-01
8.306142312145481377e-02
3.338355359694674535e-02
7.124295202068267607e-02
3.799782192273237769e-02
7.999237997186081639e-02
5.316031433789055599e-03
4.120802882311663251e-01
6.750826331575624506e-01
3.548454515577044721e-01
1.321387497154383750e-01
4.818247825161293962e-02
2.754783330439795064e-01
7.490561378701797446e-02
4.827957430256332172e-01
1.434492624786624926e-01
6.317424278903560619e-02
