1.298641796947385574e+00
8.779345495280901357e-01
-1.458079235486645087e-01
1.353075633153623558e+00
-1.895920143690899839e-01
-4.021154672173716249e-01
-7.167458611190233864e-01
-5.058275037017067044e-01
8.589064057313762213e-01
-9.247713697399444488e-01
-8.688116193316498537e-01
-2.180901090012214105e+00
4.159773235121653756e-01
7.189777220961855730e-02
-6.904894753747028435e-01
-1.112586545797409759e-01
-6.566803489919595949e-01
-3.172139746942091998e-01
-7.111265206103211112e-01
-2.520834572023921138e-01
-3.335500060569359521e-02
1.623333478977521782e+00
1.030344901467613594e+00
1.155868154112089874e+00
6.971105949725034945e-01
-9.735979989508329879e-01
5.331774115847365270e-01
-1.319174640625349504e+00
-2.215896410291778196e+00
1.250371294022006197e+00
-4.402147847548656401e-01
2.107541815970977783e+00
1.332071846730737141e-01
-1.792317731249568391e+00
1.010633165247711185e+00
1.005632427069320878e+00
5.053590418496981540e-01
1.179045209370524067e-01
1.141398819739570358e+00
1.374249565358912628e-01
1.878768689924428803e-01
-2.583737477015673356e+00
1.336813762272036632e-01
-2.040860220249098411e+00
6.543780516025272664e-01
-2.392345061108491766e-01
-4.683761461038935675e-02
5.935243562864241929e-01
1.379543347759692340e+00
7.036069229148492754e-01
6.193303281478306221e-01
8.593426293489060397e-01
-6.200488983557952416e-01
-8.451998319046558628e-01
2.453606266410953696e-01
3.683107260009402806e-01
-2.648598778202427839e-01
1.067422142374760741e+00
-3.010778855459758097e-01
9.141986822555921988e-01
1.324653351079346564e+00
1.665935288516272594e+00
-2.146306603433725257e+00
1.270291989327959836e+00
-1.118444310665741126e+00
-2.451138634652286097e+00
5.641162075649723551e-02
-1.914470023654611941e+00
3.724446565578360957e-01
6.984069615827998012e-01
1.190929879100333516e-01
-5.454806944807422120e-01
-6.636069792956815760e-01
9.749621098960347121e-01
-7.470289838426888984e-01
-2.549191902385952724e-01
-8.894774364586037763e-01
2.219010198078979812e+00
-3.120311434446700893e-01
-1.838923501867684829e+00
1.314376959312527071e-01
3.321638837408137368e-01
-2.847896786055458818e-01
-5.475494913816926490e-02
-6.256861909383775178e-01
3.880058567805390046e-01
1.149202729572418091e+00
-7.547940558041836834e-01
-9.715105274855975193e-01
-3.863753611029974860e-02
-4.140540639851523208e-01
3.907753380397552823e-01
-6.985265869411140249e-01
-8.124686777642965430e-01
6.118505411048187626e-02
-1.345928427410868766e-01
-1.156813587721939596e-01
2.013834295508476036e+00
1.078800290048930188e+00
9.565288816791552851e-01
-1.820572979745961328e-01
1.739516665908030779e-02
7.931920748748374494e-01
-4.440572078367510112e-01
-3.188101599845012957e-01
7.951812460786987780e-01
1.514071810580919497e-01
1.124583568034441122e-01
7.406605840270935603e-01
1.590481857075193517e+00
-4.464069464513140129e-01
-8.270357266554672071e-01
8.921654442925212036e-01
1.267642736673319837e+00
5.328060472548326043e-01
-1.331669340981740390e+00
3.757982006670455011e-01
8.388453925473131623e-01
-2.090175456171346757e-01
-1.407286362381444389e-01
9.243431077078657632e-01
-2.204403992154579384e-01
1.349027499910975925e+00
-1.202741907962985746e+00
1.029074166609890151e+00
-4.077638289521026693e-01
-4.211135053045108601e-01
-1.102424569259252696e+00
-1.154390674569474751e+00
-4.499592930494683007e-01
8.789288194532995924e-01
-1.413664873170034975e+00
4.054764792611954549e-01
-1.389964504506969734e-01
6.401146123586910590e-03
7.626246758622130528e-01
1.854093472621554772e+00
1.281147621194321351e+00
1.124897381362498949e+00
-8.266306220201891097e-02
-8.209740846282723159e-02
-3.855153291343960120e-01
-1.190980681842749300e+00
-5.786936108382847443e-01
4.421449211014386732e-02
-5.186154884060576453e-01
1.621806541366521248e+00
2.156511147928381611e-01
-3.704128680144407881e-01
1.440263575921631123e+00
-6.610198903338724286e-01
1.359090287854187062e+00
-3.298322808723565536e-01
2.695198701001672581e-01
4.210317990295726065e-01
9.605692242765764832e-02
7.810379577821618957e-01
4.328852830776460103e-01
-3.225365174092900133e-01
1.112390989420937101e-02
-6.017677762928974605e-01
-1.170133900436161278e+00
2.091130593222924716e+00
-1.342815113672966909e+00
-1.079324473232699422e+00
1.062548201805389558e+00
1.470077017276920195e+00
-1.628040070071662404e-01
-1.363259164845539662e+00
5.941684481643449978e-01
-5.261311814829586764e-01
9.579257854750713452e-01
3.386791474394866275e-01
7.008766048971448726e-01
-6.413420062024086654e-01
-7.975024797770593477e-01
-7.781271772476613391e-01
8.534742569328057638e-01
-1.090007606142522345e+00
1.356724482320114111e+00
2.482109136662718762e-01
-1.195245155835361395e+00
-8.509380459389302986e-01
-4.560883585567234721e-01
8.152956582405740393e-01
-1.306116965262382523e+00
2.752777552069262668e-01
-1.124459157356408057e-01
-8.234592919432016933e-02
8.275483650142281267e-01
-7.754030980999121470e-01
3.301857990065572013e-01
-1.248690460023496929e+00
-5.076823015557707652e-02
-1.966889861328354527e+00
-2.184599431583927887e-01
-2.738556625292796198e-01
-7.791299771067663471e-01
3.215450815832789910e-01
3.848340038754846648e-01
