2.727876160623415869e-02
6.608597275992426912e-02
8.918672864624345442e-02
8.791218230650231502e-02
7.745373157364736534e-03
1.573928039450798455e-01
2.282817386878030763e-01
7.813386416676292023e-02
1.856948599052374305e-01
8.700719964427047759e-02
5.256009178096422013e-02
2.157609625897727867e-01
5.163722997173697538e-02
7.836084934182757644e-02
9.950336047492566727e-02
1.265045329888958613e-03
2.023629187349047787e-01
3.183328959356170745e-02
1.780963767936688813e-01
1.122519996902102135e-01
2.430680578766570010e-01
2.202719828774126615e-02
4.042443683650466524e-02
2.364863431226000845e-01
5.408139367755385729e-01
1.679392574829742801e-01
4.973113564903825640e-02
1.963231483420879719e-01
4.005907285577051807e-02
1.655514386037475194e-01
4.249082758122230824e-02
7.502717063799202446e-02
2.457303420069284483e-01
1.429198777570511447e-01
4.471417108316668720e-01
5.213173395454440140e-02
4.033078084359451726e-02
6.271838839826289480e-02
2.271310425921568843e-02
3.088751771980572172e-02
7.703516036962125835e-01
5.710602342933677189e-01
1.378410064482444020e-01
1.255288850295603054e-01
1.721051983367800908e-01
1.797485572051716052e-01
1.174159900463962874e-01
1.007233282657555851e+00
2.431854041661439536e-01
1.897814637860043285e-01
4.692561471268223011e-02
4.416634950974168694e-01
1.218676782974675854e-01
1.790436053860451904e-01
2.482518018721952685e-02
5.569311011198598838e-01
2.456767369389542266e-01
1.795981490308717066e-01
6.620716890978534108e-02
4.576065415713266582e-02
1.094205028583551120e-01
6.005570186863301574e-01
5.226710807913082651e-02
5.444921753063027836e-01
1.081472529736528854e+00
3.367401578523370742e-01
1.375705948639789344e-01
2.998985500601980200e-02
3.199668379571356247e-02
8.960488172723191092e-02
2.948345588777864235e-01
1.885167596382272825e-01
5.870537275704579977e-02
1.312940224021431623e-01
3.670274601686956406e-01
2.091489058672569845e-01
1.141979807645796506e-02
5.498194523147263658e-04
6.416929277349443794e-03
9.219662881264557852e-02
2.836139955800496409e-02
7.394336855485258986e-02
1.132283590685497360e-01
1.083079290286341617e-01
1.321672141210988027e-01
2.374120669677154405e-02
1.217585852187510198e-01
3.304760598979720743e-01
3.205550491445359751e-01
5.083116648678274174e-01
5.844315871466706364e-02
1.571391766793735489e-01
5.618410827726241091e-02
1.602285359509527385e-01
2.917011210368246343e-02
9.412192294840746043e-02
1.091985665938814513e-02
3.261338996631939907e-02
2.374574927866965612e-01
2.082079517061001250e-01
1.064428045643183995e-01
9.102112160312165329e-03
3.617328292475797125e-01
2.590824002050035046e-02
3.960350022346929566e-01
5.463562049981863789e-01
5.517559092377581909e-01
3.205333415256872986e-01
7.652316317647905874e-02
1.804819636355817214e-01
1.213678627717164615e-01
4.672244658441015303e-02
2.024362143890800214e-01
3.060732065434024207e-01
5.198830008151446025e-01
2.905333907036151131e-01
1.094927909824453156e-02
6.256832944350159131e-01
1.188413911581782667e-01
2.349374212427303432e-01
2.971736022649624775e-01
7.023341958166542942e-02
1.857097204255037104e-01
2.511899493023374008e-01
5.046834429547588652e-01
7.519282091813354885e-02
5.158880660579548416e-02
7.802224128119135405e-02
1.059678574443151562e-02
1.181219235413033114e-01
4.210328543303754750e-02
7.769687342754453274e-01
6.316637272805253334e-02
1.081116984872250580e-01
1.412495106032887193e-01
6.003685589087390806e-01
5.742683953746199194e-02
1.044856034983560888e-01
3.325228617474762505e-02
9.908465521089071526e-02
5.784114368304142939e-01
5.953564524444913963e-02
2.300741341271527463e-01
1.494882623208956540e-01
1.207738127523081684e-01
1.322447807662310675e-02
1.299788646181824527e-02
1.917877180958001831e-02
2.759591758552926155e-01
1.343405300918062428e-01
2.170506154223527662e-01
1.029912403638480883e-01
1.046314126836294323e+00
5.519100116939629902e-02
8.492552703213102072e-02
2.074304819502189035e-01
2.797217459688696173e-01
1.666890074561518942e-01
3.779248765284189404e-01
6.151808875199820115e-01
8.905678284310830639e-02
6.270764127393392562e-02
1.682226825232232548e-01
2.111739907402733762e-01
4.247473760670321397e-02
5.441652042452679305e-01
3.466623192871432502e-01
4.466436906191788569e-01
7.978817513629533897e-02
1.826626122558840937e-01
8.015066183498117947e-02
1.714488959021806258e-01
2.742848618942492211e-01
1.183981859291139555e-01
7.993322125116567034e-02
4.447441735779780747e-01
1.275667143113766444e-01
9.461006872345555097e-02
6.828472551247212474e-02
1.175724855570162292e-01
7.789900458033782553e-03
2.635827751136863434e-02
3.906420395921026412e-01
4.965790496694630907e-01
2.302834905469513249e-01
7.803519540212295880e-01
8.678445098116861767e-02
1.919139542280718647e-01
1.933993414965254065e-01
2.903662375386412697e-01
1.382207004137271655e-01
2.047209737124199361e-02
5.968419767467616488e-01
1.068833365219080817e-01
4.796814423065992039e-01
3.606654934608489321e-02
1.217169969784363676e-01
1.225974658605504669e-03
7.245639805892189903e-04
8.476030556966433760e-02
