7.419549649669937574e-02
2.062363542193731414e-01
3.350014457496564013e-01
2.910730267156528411e-02
1.047228418553845797e-01
1.051346295155009131e-01
1.632405859516503632e-01
2.301733717449440664e-01
1.503814621279983381e-02
6.323687352582996191e-02
1.305507278195726928e-01
4.166261249886809570e-01
1.608224200402932069e-01
6.612646357884280172e-03
1.338970593370438500e-01
3.082003543111247468e-01
2.164353245414627480e-01
2.011358991307474753e-01
1.708860377261003372e-01
2.212611692190190327e-01
9.290950213088258747e-02
6.067097236037531996e-03
2.765853515344586233e-01
1.181318067120681603e-01
2.929880961612609316e-02
6.400389971597292282e-02
5.709906292119652782e-02
2.898348907644505701e-01
1.815864886533977707e-01
7.456855788190742788e-03
3.694603483738694710e-02
1.534370764507642926e-01
6.079130302212139014e-01
2.191300629271931283e-02
3.583436425288662464e-01
1.343101832150041253e-01
8.717517868555113569e-02
2.556979097338033056e-03
2.499547313267062310e-01
5.520035356326970927e-02
4.598553791179335604e-01
1.583693261113942596e-01
2.172105173966435987e-01
5.565995683864657234e-02
4.497737021591221018e-01
3.207639954576299024e-01
1.854534418320415434e-01
1.279249175845376292e-02
1.052489736698447725e-01
2.059762318746603538e-01
2.293557693766829220e-01
9.718966873290497965e-02
1.924436672935166126e-01
4.279273433344750188e-01
1.501418597608513983e-01
6.906031179146232546e-02
8.019039910179555364e-02
1.575443274126424320e-01
3.652837140940613098e-02
7.698483597818571444e-03
1.168510630681797169e-01
7.019424430227058642e-02
5.704213186887412135e-02
3.462969955561803204e-01
4.995013989429805679e-01
5.498203762977255278e-04
9.969798934975918070e-02
9.081789766577212653e-02
6.322088986916343800e-03
1.560108768740407423e-02
4.691677545306192215e-02
4.002799079395366610e-02
4.085139025005309898e-01
5.404127553626899422e-03
1.011495168162216407e-01
2.057380734214681317e-01
2.835247637598801718e-01
1.103338929695884874e+00
7.587435734897700623e-01
6.769592950421976507e-02
3.337556015626925721e-01
7.797475164779243961e-02
4.210853985982451753e-01
1.574432704066994204e-02
3.159233382287170988e-01
3.087707300173599956e-01
2.148291060525296392e-01
4.119156790321863992e-01
1.588939431593488355e-02
1.141680813179611099e-02
9.703557270777764254e-02
3.420717385628213158e-03
3.269694067458439601e-02
1.278955494493557443e-01
2.433702624864008679e-01
8.383406103901362705e-03
1.485062138189883196e-01
3.723637231229991185e-02
9.406161610960674102e-02
3.852791231009844997e-01
1.629695497398256088e-01
4.161539144317785155e-01
2.183512759593739770e-03
1.222685352265593106e-01
5.330110048094685027e-01
5.094040592129145395e-01
3.373974477019254792e-01
6.094420997190447276e-02
5.338751359201775876e-02
2.351552481618087165e-01
1.972780959058417494e-01
4.280469914975542078e-01
6.337107455042631510e-02
2.945701588976601948e-01
7.865681063018158115e-02
3.840058050821067437e-01
6.225745517884274660e-01
1.635622536091346779e-01
1.820323631090409178e-02
2.911475202409992136e-01
2.275432805463509234e-01
6.171673876529804037e-01
1.869610360291645845e-01
4.257926670596256513e-01
5.869278510659350911e-02
9.251057859749441115e-02
2.257358437035418552e-02
2.514773646082580361e-01
2.134314111449567286e-01
2.347321472045571789e-01
4.020503990528064009e-02
4.308305942756850970e-01
6.322590515734748118e-02
1.906120244897474836e-01
4.466180982573741964e-01
2.023872488352432830e-01
4.254670996387500265e-02
1.846257586807883155e-01
4.142855888257429009e-01
7.045654881721626420e-03
6.157130601980837815e-03
1.707894669916969754e-01
3.318778321156703459e-01
2.906162930660125543e-01
2.767882704779974223e-01
6.476268989743208526e-02
3.167932568251863867e-01
2.095766835489477897e-02
3.309629378092722451e-02
6.523702471500817703e-03
1.553029331771419441e-01
2.795312387549585623e-02
1.664046132555404567e-01
1.251446151369659532e-01
7.976755416840072832e-02
1.529877576276711670e-01
3.614330201570389953e-03
3.906602370773339383e-01
1.363450835635876546e-01
1.284312254356208272e-01
5.588096049164232443e-02
1.798654355799374563e-02
3.461622278956736493e-02
3.640248957421759468e-01
2.672188916751910837e-01
1.160547927470645113e-01
3.877067141089866192e-02
3.677310210966895365e-01
2.886057429706134422e-03
2.849108216234471844e-02
1.331417774101515128e-01
5.529265644424913610e-04
1.417664979664390312e-01
3.005166242449117120e-02
2.412414455037422984e-03
2.012317837085491334e-01
1.162810805139823100e-02
3.617280737525997714e-02
1.578088018414801341e-01
2.279679814890843703e-01
5.928427749855092604e-02
1.342065719482306296e-01
5.475790807680085137e-02
2.723405039309101383e-01
1.789153990697097130e-01
3.107348250646404519e-01
1.836925988773665044e-02
2.634143239428229921e-01
3.104276387003690463e-02
5.639633291441340651e-02
2.934015123824946780e-01
1.815793175034193657e-02
8.729952820040949579e-02
6.902387626852500846e-01
3.186231703429304174e-01
1.871215183372487365e-02
1.132532900883798377e-01
1.140127710508289371e-01
6.327483293669479147e-01
5.789917856309555466e-01
