-1.879414831445195277e+00
-2.252197549132222143e-01
-1.704585038596834190e+00
-9.455032800315190666e-01
-1.390665488300260044e+00
-1.022926593884825763e+00
5.255897164458108728e-01
6.637437977373772391e-01
-1.921396099129718760e+00
1.906931307931343800e-01
-2.043468430192192098e-01
-1.197544864027282330e+00
6.409871837384351068e-02
1.762255211471961625e+00
8.509037169279439761e-01
-1.237890971281276675e+00
2.582414514767617852e+00
5.775162387492943639e-01
-7.547168226152274340e-01
-1.495210712669055031e+00
9.357924806547764929e-01
-8.654382119604966395e-01
9.215277079617368861e-01
4.794403672766560653e-01
1.109155437089652807e+00
1.425035337370680333e+00
9.453330687531363852e-01
2.431720306890288730e-01
5.723509798515891145e-02
-5.901839801923294271e-01
-5.733699413757847863e-01
-1.352502566004746276e+00
4.114538744446354368e-01
-1.020642617891241333e+00
1.131792898318465745e+00
-1.203532244548575880e+00
-1.185318806357851695e+00
1.486142993445693561e+00
-2.733494502345231170e-01
-7.212286549730713148e-01
-1.291357779479353152e+00
8.502737205957118238e-01
1.034557278959514326e+00
-8.840419658300759098e-02
-9.127568145361201202e-01
-8.825090481081195870e-01
1.506630756929671633e-01
1.543342341401593876e+00
-1.469375096722971064e+00
-1.191952370526322413e+00
-6.324651043263228578e-01
1.909330512356796516e+00
-8.680016863778423908e-02
-1.355563399722073070e+00
7.825630009148494270e-01
2.341206080753673202e+00
-1.288822516822904163e+00
-9.300531425170306399e-01
7.266171235661086358e-01
-9.101576287411045074e-01
-8.943229464157150810e-01
3.704628623483630090e-01
4.065518637570576521e-01
9.968412824373577008e-01
-5.734893135004071052e-01
9.467742480510569214e-01
-1.791632630774333823e-01
-9.686041243156611191e-01
1.600257036094725471e-01
6.325291386698621565e-01
1.359932611135651115e+00
-1.185222950560289590e+00
-4.469177162972429174e-01
-2.769668034836746395e-01
-7.451955514543749937e-01
8.615083087272722429e-01
-1.042182004319116340e+00
9.782812248714163328e-01
3.604265499336672396e-01
-3.448173362147420318e-01
6.898182872523299647e-01
-1.316352853751179275e-02
5.544136769217087313e-01
-1.021861882868519089e+00
-3.379417955333489237e-02
-3.947189628053874855e-01
-5.030749119763029409e-01
-3.669432017874625640e-02
1.172243422208443686e+00
2.884291642335828909e-01
-8.025979606140244416e-01
-1.322020833845086951e+00
-2.555492440895608675e-01
6.656945212847893423e-01
-3.373521642222385708e-01
-8.050927809701150517e-01
2.800747200995694630e-01
5.000727754723018892e-01
-1.117616026323469125e+00
1.203028464744603898e+00
9.750580352875766466e-02
-3.472515293722820418e-01
-2.240055680817079065e-01
-3.333459928844982878e-01
-4.960789489369463179e-01
8.407479954247417675e-01
-8.578262905214292244e-01
9.916534697525385411e-01
1.387264204956007552e+00
4.151251463543927933e-01
-2.480211388374953696e+00
1.031496939603677054e+00
1.927309184527888242e+00
8.816910512878642914e-01
1.851931944649498840e+00
-2.624592805881593716e-01
1.662155941725614428e+00
1.132657810390125697e+00
-2.367046755338717279e-01
6.515856593552661336e-01
3.664965098632323448e-01
-1.152355812793778522e+00
-5.521460471250765577e-03
1.637931816460534096e+00
3.140093504918888695e-02
1.230065420223911632e+00
1.009713444218883316e+00
-2.393198019460318182e+00
1.098809090684075507e+00
6.989570399992055538e-01
-1.957549796329695502e+00
3.284248886652759158e-01
-2.393884983160410318e-01
-4.036639070287852959e-01
1.261242181708038368e+00
5.565404905979939310e-01
-3.929268451745915880e-01
5.382042634223004329e-01
1.323921085212178828e-01
-4.863959797138363572e-01
5.057084897529288137e-01
-2.432632869551375754e-01
-1.614058849480567992e-01
-6.763916982440740799e-01
8.480637127581324153e-01
-1.227815610210014841e+00
-1.611414230464039143e-01
3.361546385761414735e-01
-9.350563518051537848e-01
3.612252600865778485e-01
-1.183883407982823321e+00
-4.182318022501423371e-01
1.162784608465960712e-01
2.006461423309808534e-01
6.064048664366452623e-01
-1.240050357127445935e+00
-1.703734149180408997e+00
1.319147911287411157e+00
2.371084531126283479e-01
-4.523517461801590533e-01
-1.363887345993200828e+00
4.006714779060949749e-01
-4.026691098549408099e-01
1.202373159397431390e+00
-6.600716411330558309e-01
-7.966048154542755277e-01
-5.365674025933505620e-01
-1.064388085830198394e+00
4.209541055434456447e-01
-1.677338892578865481e+00
3.266158851696226995e-01
-1.150981105552947303e+00
-5.880202353411037031e-01
5.180346001846442006e-01
1.614808482409576751e+00
-1.332114668079335429e+00
-5.986791003755279617e-01
2.610247207459254426e+00
6.805384234830065271e-01
2.925658534720578796e+00
-1.603827858274864404e+00
-1.273231388322771940e+00
-1.096085073362868201e+00
-3.919475558425961625e-01
-7.448378642340387767e-02
-1.438087215268225805e+00
-1.274827450659923589e-01
-1.168964759785773577e-01
1.077016702706057982e+00
1.440462779604269050e+00
4.329175239305141920e-01
4.890220468570359857e-01
6.423658701403111015e-01
9.135093330840154957e-01
-6.104243390919389389e-01
-3.903295769561188067e-01
-4.718827630719503730e-01
2.487407159930770939e-01
-1.613504280635024379e+00
5.257313437732129557e-01
