49.599161 -1.930453 0.02141400456205944
147.176208 -8.734392 0.04901125640629056
177.772596 21.767258 0.027092578941693812
48.667279 -0.871312 0.03938237188611016
217.500587 39.945841 0.033527960183561856
196.654579 16.591372 0.08206537152199922
191.401508 1.183637 0.08571402018272933
135.953613 -5.566821 0.06912153090163797
162.840117 -4.281892 0.13709504969251496
50.612436 -3.818666 0.06941324377479252
129.045076 -3.435099 0.053012401109322704
59.287429 -24.901844 0.14166918178864885
139.699564 30.354678 0.10294373677068536
314.144142 -0.176372 0.07890055920916383
171.925384 10.312841 0.0395203762424674
193.373492 -5.431795 0.016831987959901262
204.885388 29.998022 0.03519788741238283
194.861636 -2.246808 0.04854813558879978
40.1062 -1.196819 0.13815102740038232
17.901071 -15.214514 0.04197529009550749
64.171879 -24.834947 0.12977505769373732
150.840602 2.838874 0.12530706749305565
159.724213 -0.941819 0.07680702149446783
54.667625 -27.196842 0.054620770457183276
9.21435 2.170323 0.05878711253375468
89.469735 -21.552356 0.06030231896802385
52.719265 -2.014202 0.14241293269231203
155.009404 6.631779 0.10929560168904384
154.081739 -1.516317 0.09300313433859997
121.756457 39.707651 0.07910167683863967
135.264454 23.286108 0.042926387061972715
187.34065 31.254522 0.06096360878532292
150.697742 3.599569 0.08125183976128003
151.274933 -12.126594 0.08127416538101495
141.918521 35.530075 0.14092279215766013
143.439971 33.028124 0.1359688204087972
193.425758 -4.441503 0.15128002599707946
213.114037 -5.82343 0.11096842751087022
137.983396 27.900481 0.04831000837408905
239.603346 32.968919 0.04825090417967037
239.67955 26.819344 0.014476332303771988
219.975025 -7.688293 0.07081831610439915
230.81205 0.064954 0.06959430782550036
201.8133 32.03363 0.025200308966727647
238.12045 24.494119 0.05843154980164611
229.327104 13.02275 0.06056746377339839
240.276175 19.450186 0.014702307167908435
185.015713 5.343329 0.008459672800210427
139.623775 28.141627 0.08305351469848832
244.532171 21.066292 0.0320152496263193
145.266392 34.73362 0.05078625618709953
195.94825 20.902494 0.06101295093990977
142.243417 -14.805574 0.007914295822742057
180.74375 20.08544 0.024795182779909997
236.286792 21.878269 0.12040444433978603
203.703579 28.402486 0.1409137157858129
243.817746 21.093383 0.07923991239107075
193.361146 -2.445875 0.12124404028014335
310.934433 -1.238087 0.05506984962932426
184.31585 5.201133 0.07724410258444525
219.869944 38.447405 0.1005461103999008
0.650022 23.151742 0.07175956740057932
239.558958 18.102814 0.05033392129173375
186.35075 18.203478 0.003459014212849665
41.527297 37.972531 0.049303410174174944
187.244935 3.572782 0.004047071808201075
17.865782 -17.36828 0.042991231831742915
186.519583 12.459903 0.09620522848401425
318.101243 13.004849 0.026900719872347656
9.899893 6.664144 0.03761192949935421
12.594697 -20.215518 0.07892987791047656
18.300139 2.283857 0.04489149381948265
5.324888 21.071029 0.09215031457184453
237.459943 27.077806 0.0733336630161634
1.827206 17.077117 0.1126865906678991
5.626834 26.702356 0.12575099505412024
247.742152 32.30755 0.07610846578981079
327.317138 7.174453 0.06986182698584309
249.016723 33.209832 0.08708099143788917
36.245288 -5.261758 0.10212315751586898
17.280127 -15.997169 0.03897775329832953
310.156625 -3.521631 0.13691002249120365
331.63483 7.62478 0.08870864557950786
245.391867 32.567458 0.13115972638737183
227.319526 9.81284 0.08263500996821804
224.353606 -3.126411 0.07373238657230519
328.159773 7.230755 0.0387914021573037
1.126042 17.542932 0.10169772497316898
320.901253 13.817495 0.07781801896325935
5.169135 28.82265 0.09779584717723
66.591442 -10.098813 0.030885203550766738
315.896372 -0.17288 0.05889943285999699
40.688247 38.083711 0.09825917592912536
40.633464 -0.963143 0.037934376190038366
46.446988 -0.161556 0.10329702432428634
334.25334 30.655857 0.028867144148422064
337.767296 36.685564 0.22870117866404116
17.726796 -18.96394 0.05199491807377399
356.693933 25.558094 0.09373475950261412
333.03605 0.123469 0.13465551779400542
359.866177 17.865214 0.04875569546277947
190.694908 2.659503 0.004123907506458746
81.018854 -23.024201 0.07513079054023941
240.420405 21.354899 0.032495540269043
66.212746 -10.934253 0.10276470909933333
359.671636 29.008657 0.10276336498413352
359.264637 17.904025 0.07871762139276428
21.028705 12.921477 0.007160036953472337
15.290273 -15.251279 0.05353687960958231
126.442124 43.304141 0.10862695233730957
20.883361 -19.171032 0.06501982936891215
23.043416 -15.228859 0.12895450430622235
326.338291 2.92999 0.03581271968353117
331.011154 3.284925 0.0887158623923141
160.39654 -3.4415 0.07230847662145834
59.981433 -12.237808 0.09063492968162978
326.084129 8.623478 0.03681005461300879
21.070825 -19.431851 0.06702253093459354
66.58267 -10.09911 0.039783162321803456
240.334933 16.677739 0.031919087597487295
109.973488 37.558072 0.08246006541744122
315.045875 -4.067011 0.018564302062097804
40.085196 -1.446925 0.03652722048225021
186.61257 31.222369 0.0033160372975880037
7.328537 27.789011 0.0988005687261364
2.588705 19.801585 0.05776719729279556
18.294374 -15.559626 0.18883877108151514
34.991346 -3.223703 0.17902977796965347
17.050999 -19.790003 0.04799916793060843
3.347664 16.603888 0.07873345375307017
321.514703 10.405976 0.09478770946076742
319.811292 10.071314 0.08581512398636626
59.064612 -26.480398 0.14967184881828977
125.539875 49.000094 0.09452641213332225
138.149413 34.855041 0.06683954976920847
62.23649 -9.043781 0.13965670741378444
7.531646 16.162881 0.09873696332062609
40.304429 0.548281 0.1281569633436157
214.777232 42.457807 0.09056171533521806
17.963887 -19.481119 0.08297271889038793
317.70345 -4.375938 0.11883063075758837
357.286924 24.684221 0.1886203251359877
132.221155 49.349557 0.1386086590606772
309.778555 0.047498 0.07696079420836188
51.629258 -2.120703 0.1893642068374768
139.077776 42.389612 0.06973971760901976
13.549121 -14.969836 0.07239831005741593
150.243337 3.46727 0.15133024034631815
35.745769 35.66257 0.10616554666702638
47.993887 2.846788 0.0623457849296607
53.8857 -28.514327 0.07660722342818427
15.068499 -15.298335 0.05423433205659478
174.118653 13.221047 0.09826274987417039
21.896704 3.489225 0.11186377436727435
325.107571 8.308136 0.08576224756824247
121.674125 38.878872 0.07160657605468135
193.60077 7.042739 0.05113018999739305
16.37522 3.755237 0.09880938187620125
185.750425 18.593578 0.07012973963326141
176.348311 20.324461 0.024108860658689668
224.325368 43.459729 0.037901767306431466
93.136879 -21.12335 0.07038084490604479
152.542304 6.750943 0.10127159913824157
181.516804 20.537 0.024787049257187777
154.08046 -1.787467 0.08629572479356895
196.609052 0.277946 0.0915698687067994
130.362 44.146181 0.08164112735439888
242.025953 25.483744 0.042246140255279174
172.910246 14.076292 0.08123888091359532
189.350886 23.093552 0.04713490079300198
134.077949 -0.442139 0.013032087122881952
186.239313 6.097828 0.08123098448774146
132.912905 23.935953 0.07892413639882534
155.720327 -0.632753 0.08029430045018437
203.247596 32.60959 0.03658699637374996
194.800298 -4.203983 0.09119877990486591
224.835024 38.515978 0.07546024445768085
189.840051 -0.414374 0.1332868314608
159.325711 -5.16066 0.07130576017274826
219.266186 -8.076434 0.10085457551324084
203.0635 31.7204 0.13177300420153104
245.541794 21.222222 0.03229438601090062
235.841889 12.960039 0.11145875933965121
226.949936 -10.247193 0.047675391343197315
235.654473 6.854538 0.07087179831178103
195.966091 -3.451749 0.08117424745967083
170.195231 14.204458 0.13129925999052805
245.316677 14.552684 0.035226474887540826
186.42365 7.228405 0.00443668874217118
158.42065 -3.70665 0.06629494248515844
219.274454 34.633047 0.0845881538236477
154.160875 73.400497 0.009597909961482465
155.827592 -0.429375 0.0963134764010849
226.887726 -12.214697 0.12872986542793563
186.495088 7.235303 0.15530682396025552
221.212831 43.316798 0.0814629998304437
186.493583 6.740844 0.0812257422679219
182.297388 16.867569 0.10920944570062807
232.531859 -0.565288 0.07756495719072465
187.211175 19.331092 0.17121759076055398
154.972375 -3.7354 0.04835834930140903
244.142 20.919511 0.07623328592315981
238.592411 24.490423 0.1303443195599825
194.0331 -4.960614 0.18130737560552013
196.519226 23.801101 0.15106084694576838
244.473545 32.109015 0.06316962833596951
187.640649 11.517883 0.08619273426935226
205.024564 29.447669 0.12086878126239187
233.320616 10.271486 0.23058165616223403
189.25018 -5.533179 0.12228866327438048
229.866857 13.849511 0.1425954419040023
176.192743 20.126208 0.02311022683024966
246.502421 28.427454 0.1001537839733182
243.082161 26.783494 0.10023142702258903
195.494387 28.008555 0.02681019631656345
227.340624 -11.119413 0.10070234475181339
176.079769 19.318463 0.08818963581168049
331.873994 3.096954 0.08171879484707056
194.680401 3.60355 0.11120021520929613
235.089034 7.281499 0.03856747395917992
160.260883 -3.937256 0.08432340118571346
242.237984 35.421083 0.043188767079525014
187.862615 4.22653 0.09023786249335819
333.86416 5.544722 0.08170416648129875
315.944858 -0.960106 0.12882862340712942
245.807564 26.47594 0.06467152593315961
237.166533 20.059356 0.09818882562250142
195.034431 28.170293 0.023409409780621893
188.534174 3.824729 0.08532863443129068
227.453641 0.533519 0.039741834208147475
209.871336 35.422781 0.12073255093215862
220.208679 42.253241 0.08048841386546757
239.183639 25.674094 0.0744089022535741
222.86508 -11.900588 0.07076781854075187
322.402533 12.916377 0.02885578791238097
18.520066 -1.740137 0.015235739901757306
238.524109 24.594759 0.07052684669086418
244.244084 27.617732 0.04999424821546383
210.848253 -6.031638 0.009614137364235997
193.821738 2.89731 0.010402211799483085
182.908211 12.163049 0.07500765709003088
4.281698 21.984934 0.08875264160584728
186.090868 9.292026 0.02455010225103882
203.276375 32.591869 0.035385986121221125
332.050333 7.116883 0.048753473243408285
239.582625 27.376089 0.08889525538898013
187.054862 10.295647 0.09121122822768246
7.872368 17.383359 0.036814775249514264
2.481958 19.976039 0.10770927028637511
184.912354 11.997633 0.0651854781567871
0.814306 16.14569 0.0023088141409268736
228.004898 -3.222283 0.02222970286988568
317.771975 13.078733 0.09882761230698045
225.157339 -8.283483 0.10474598559956094
186.69398 8.882682 0.005326830647435665
22.97566 -13.421816 0.03502780866889377
249.668514 32.548503 0.05436908241849481
2.575069 1.416016 0.06373619853399992
19.502461 -1.579351 0.03892168757639203
37.147217 -4.615985 0.08914656029680201
239.191859 28.758274 0.07729146442141532
334.273693 4.845726 0.11865814860963564
334.587883 6.122483 0.07390930949384988
238.94179 25.441156 0.14033430437030914
40.43319 -2.247241 0.13916019204583874
177.825 18.32665 0.06817159901182679
330.911067 7.303261 0.07972400109353472
21.123408 -19.862139 0.0657282256152667
5.808477 16.176153 0.10871285595874292
1.824732 0.838288 0.10668217909451694
322.387057 8.079133 0.09577652790034219
228.002996 -11.405081 0.10068928000372046
35.757136 -0.419381 0.10109769767147525
11.912226 -20.523433 0.019785666099181087
68.405046 -22.034011 0.059862966197678835
323.616967 10.344444 0.07488939920664461
325.105233 11.748978 0.0777745400988592
330.71715 3.372794 0.08871771685996355
38.419492 40.667472 0.08025730532420994
18.947387 1.505814 0.07886478880058645
242.125242 23.701142 0.06895959912085625
18.960987 -15.905279 0.05128325001890932
49.207292 3.660367 0.03938171277353253
16.710189 0.046778 0.10181807917189944
20.149867 3.440495 0.09885470429125398
22.06545 -14.051486 0.08897002577614099
322.906997 11.832946 0.026851648089799784
5.617929 16.736283 0.11870195295335795
140.211901 42.272211 0.04173094256018328
