longitude latitude gal_longitude gal_latitude v_CMB d_co d_L d_A v_H v_pec
49.599     -1.930    183.652    -46.732       6420 87.28 89.15 85.45 6423.20 -12.25
147.176     -8.734    245.402     33.046      14693 195.93 205.41 186.89 14509.62 192.04
177.773     21.767    230.995     75.271       8122 115.96 119.26 112.74 8547.74 -437.93
48.667     -0.871    181.594    -46.771      11807 166.39 173.21 159.83 12300.73 -516.63
217.501     39.946     71.369     65.916      10051 140.09 144.92 135.42 10340.72 -294.31
196.655     16.591    322.156     78.892      24603 345.47 375.21 318.09 25810.69 -1312.18
191.402      1.184    299.603     64.018      25696 354.90 386.31 326.05 26530.53 -907.99
135.954     -5.567    234.769     26.067      20722 277.44 296.54 259.56 20643.76 83.98
162.840     -4.282    255.619     47.257      41100 541.81 615.86 476.66 40973.34 143.97
50.612     -3.819    186.743    -47.095      20810 279.33 298.70 261.22 20786.95 25.35
129.045     -3.435    228.774     21.390      15893 214.07 225.40 203.31 15869.48 33.75
59.287    -24.902    220.702    -48.453      42471 536.38 608.93 472.47 40548.95 2182.35
139.700     30.355    195.727     43.702      30862 409.51 451.46 371.45 30714.16 162.66
314.144     -0.176     48.248    -27.617      23654 317.13 342.15 293.93 23652.63 1.11
171.925     10.313    249.386     64.085      11848 162.89 169.43 156.60 12039.41 -199.73
193.373     -5.432    303.883     57.436       5046 68.29 69.43 67.16 5020.24 -5.68
204.885     29.998     50.962     79.061      10552 144.87 150.04 139.88 10697.06 -136.59
194.862     -2.247    307.005     60.562      14554 196.49 206.03 187.40 14551.73 15.67
40.106     -1.197    172.739    -53.186      41417 528.93 599.44 466.71 39966.65 1643.22
17.901    -15.215    145.431    -77.197      12584 167.64 174.57 160.98 12394.00 198.97
64.172    -24.835    222.164    -44.137      38906 489.97 550.33 436.23 36932.43 2216.17
150.841      2.839    236.689     43.076      37566 493.37 554.59 438.91 37196.85 415.01
159.724     -0.942    248.885     47.533      23026 308.27 331.90 286.33 22980.33 49.36
54.668    -27.197    222.924    -52.982      16375 219.00 230.86 207.74 16239.38 145.39
 9.214      2.170    115.521    -60.491      17624 239.82 254.06 226.37 17804.92 -192.82
89.470    -21.552    227.119    -21.051      18078 245.06 259.93 231.03 18199.60 -129.06
52.719     -2.014    186.491    -44.329      42694 542.86 617.21 477.48 41055.98 1862.64
155.009      6.632    235.624     48.652      32766 433.80 480.95 391.27 32584.68 200.96
154.082     -1.516    244.114     42.962      27882 371.80 406.30 340.22 27821.72 65.44
121.756     39.708    180.923     30.868      23714 316.28 341.17 293.21 23588.64 33.25
135.264     23.286    203.604     38.196      12869 176.68 184.38 169.30 13069.30 -206.22
187.341     31.255    171.034     83.659      18276 243.33 257.99 229.50 18069.38 266.97
150.698      3.600    235.721     43.396      24359 325.67 352.07 301.25 24302.62 60.60
151.275    -12.127    251.661     33.714      24365 325.80 352.22 301.36 24312.25 57.44
141.919     35.530    188.779     46.168      42248 558.28 636.98 489.30 42263.19 -17.87
143.440     33.028    192.564     47.217      40762 539.11 612.42 474.58 40762.59 -0.25
193.426     -4.442    304.010     58.426      45353 607.03 700.37 526.13 46097.38 -859.36
213.114     -5.823    336.659     51.663      33267 458.36 511.08 411.08 34481.78 -1354.01
137.983     27.900    198.605     41.752      14483 197.53 207.17 188.34 14629.43 -153.98
239.603     32.969     52.913     49.447      14465 195.84 205.31 186.80 14502.75 -28.23
239.680     26.819     43.642     48.524       4340 59.25 60.11 58.40 4353.48 -6.82
219.975     -7.688    343.841     46.389      21231 283.65 303.63 264.99 21113.77 125.37
230.812      0.065      2.690     44.611      20864 279.25 298.60 261.15 20780.65 88.46
201.813     32.034     67.296     80.803       7555 103.32 105.95 100.76 7611.02 -59.22
238.120     24.494     39.718     49.386      17517 237.98 252.00 224.74 17666.74 -157.56
229.327     13.023     17.788     53.136      18158 247.56 262.74 233.25 18387.88 -244.70
240.276     19.450     33.379     46.029       4408 59.42 60.29 58.57 4366.48 53.25
185.016      5.343    282.609     66.969       2536 34.40 34.69 34.12 2524.45 38.26
139.624     28.142    198.704     43.218      24899 333.07 360.70 307.56 24865.85 35.58
244.532     21.066     37.308     42.761       9598 123.46 127.21 119.82 9104.67 521.62
145.266     34.734    190.189     48.856      15225 207.70 218.36 197.56 15391.57 -169.91
195.948     20.902    327.956     83.166      18291 242.91 257.53 229.13 18038.17 267.15
142.243    -14.806    247.096     25.432       2373 31.89 32.14 31.64 2339.82 25.77
180.744     20.085    242.771     76.865       7433 104.89 107.59 102.25 7726.97 -304.67
236.287     21.878     35.117     50.328      36096 503.66 567.49 447.00 37996.71 -2141.28
203.704     28.402     43.006     80.324      42245 575.97 659.84 502.76 43651.59 -1611.61
243.818     21.093     37.062     43.404      23756 318.68 343.95 295.27 23770.78 -16.47
193.361     -2.446    303.947     60.422      36348 492.72 553.78 438.40 37146.54 -897.49
310.934     -1.238     45.417    -25.379      16510 221.54 233.69 210.03 16430.75 96.52
184.316      5.201    281.051     66.610      23157 319.85 345.31 296.27 23859.85 -758.64
219.870     38.447     66.410     64.759      30143 424.95 470.17 384.08 31902.67 -1947.02
 0.650     23.152    108.575    -38.355      21513 290.68 311.67 271.11 21646.41 -143.11
239.559     18.103     31.217     46.207      15090 209.42 220.26 199.11 15520.70 -455.87
186.351     18.203    267.678     79.248       1037 5.84 5.85 5.83 427.73 633.63
41.527     37.973    146.596    -19.574      14781 203.00 213.19 193.31 15039.46 -271.29
187.245      3.573    289.129     65.841       1213 6.76 6.77 6.75 495.42 748.51
17.866    -17.368    149.321    -79.200      12888 172.23 179.55 165.21 12737.21 151.20
186.520     12.460    279.643     74.174      28842 396.41 435.69 360.67 29707.67 -951.95
318.101     13.005     62.781    -23.438       8065 110.83 113.85 107.89 8167.24 -88.63
 9.900      6.664    117.658    -56.086      11276 149.46 154.97 144.15 11038.73 252.30
12.595    -20.216    120.868    -83.083      23663 302.02 324.69 280.93 22505.58 1243.80
18.300      2.284    133.896    -60.124      13458 184.69 193.11 176.63 13668.00 -221.63
 5.325     21.071    113.565    -41.252      27626 370.83 405.16 339.42 27748.05 -133.43
237.460     27.078     43.447     50.515      21985 295.91 317.67 275.64 22042.53 -62.16
 1.827     17.077    108.067    -44.517      33783 446.60 496.61 401.62 33572.51 233.55
 5.627     26.702    114.969    -35.722      37699 498.27 560.73 442.77 37577.62 136.75
247.742     32.308     53.103     42.564      22817 306.90 330.32 285.14 22876.11 -63.96
327.317      7.174     64.080    -34.160      20944 282.10 301.85 263.63 20996.19 -55.85
249.017     33.210     54.521     41.639      26106 349.88 380.40 321.81 26147.06 -44.43
36.245     -5.262    172.636    -58.788      30616 388.81 426.58 354.38 29124.68 1635.86
17.280    -15.997    144.059    -78.137      11685 155.74 161.72 149.98 11506.43 186.84
310.157     -3.522     42.785    -25.810      41045 554.43 632.03 486.35 41961.30 -1045.08
331.635      7.625     67.970    -37.083      26594 356.59 388.30 327.47 26659.10 -70.73
245.392     32.567     53.072     44.565      39321 545.70 620.83 479.66 41277.70 -2226.53
227.320      9.813     11.507     53.206      24773 342.79 372.07 315.82 25606.42 -913.78
224.354     -3.126    352.992     47.129      22104 295.49 317.19 275.28 22010.80 100.37
328.160      7.231     64.785    -34.763      11629 158.34 164.52 152.39 11700.46 -73.87
 1.126     17.543    107.321    -43.902      30488 404.18 445.04 367.08 30305.01 201.66
320.901     13.817     65.336    -25.066      23329 313.62 338.09 290.93 23386.34 -61.56
 5.169     28.823    114.843    -33.566      29318 390.43 428.52 355.72 29249.29 75.85
66.591    -10.099    205.077    -36.747       9259 123.91 127.69 120.25 9138.40 167.11
315.896     -0.173     49.280    -29.116      17658 238.44 252.52 225.14 17701.06 -49.93
40.688     38.084    145.915    -19.770      29457 385.90 423.11 351.97 28902.19 608.63
40.633     -0.963    173.114    -52.656      11372 157.32 163.42 151.45 11624.65 -266.30
46.447     -0.162    178.634    -47.960      30968 392.21 430.65 357.20 29385.58 1737.10
334.253     30.656     87.711    -21.456       8654 121.77 125.42 118.23 8979.54 -336.87
337.767     36.686     93.908    -18.153      68563 894.56 1101.19 726.70 69248.37 -843.89
17.727    -18.964    152.671    -80.691      15588 209.01 219.81 198.74 15489.71 119.78
356.694     25.558    105.063    -35.060      28101 376.67 412.09 344.29 28194.60 -102.50
333.036      0.123     61.735    -43.043      40369 538.56 611.72 474.16 40719.65 -398.68
359.866     17.865    105.839    -43.275      14617 200.08 209.97 190.66 14820.55 -213.97
190.695      2.660    297.723     65.444       1236 7.03 7.04 7.02 515.03 753.66
81.019    -23.024    225.597    -28.886      22524 302.44 325.18 281.29 22537.58 -15.07
240.420     21.355     36.056     46.500       9742 125.40 129.27 121.64 9248.72 521.28
66.213    -10.934    205.811    -37.450      30808 385.59 422.73 351.71 28877.82 2118.90
359.672     29.009    109.254    -32.458      30808 411.73 454.15 373.28 30885.16 -85.53
359.265     17.904    105.101    -43.077      23599 317.97 343.13 294.66 23717.02 -127.47
21.029     12.921    135.162    -49.173       2147 30.00 30.22 29.78 2200.60 -55.30
15.290    -15.251    134.198    -77.910      16050 219.21 231.09 207.93 16255.12 -230.28
126.442     43.304    177.322     34.880      32566 431.98 478.73 389.79 32444.36 134.23
20.883    -19.171    167.421    -79.156      19492 263.28 280.47 247.15 19574.25 -84.72
23.043    -15.229    163.501    -74.792      38660 495.41 557.14 440.52 37355.21 1466.84
326.338      2.930     59.275    -36.035      10736 147.22 152.56 142.07 10871.54 -138.68
331.011      3.285     63.289    -39.475      26596 356.49 388.18 327.38 26651.57 -60.20
160.397     -3.441    252.163     46.236      21678 290.92 311.95 271.32 21664.60 13.95
59.981    -12.238    203.843    -43.510      27172 363.67 396.67 333.42 27200.34 -31.36
326.084      8.623     64.473    -32.294      11035 151.27 156.91 145.84 11173.78 -145.64
21.071    -19.432    169.054    -79.231      20093 270.97 289.19 253.90 20154.88 -65.82
66.583    -10.099    205.073    -36.755      11927 168.72 175.75 161.98 12475.21 -604.72
240.335     16.678     29.704     45.000       9569 122.30 125.98 118.73 9018.49 564.79
109.973     37.558    180.608     21.428      24721 323.81 349.91 299.66 24161.12 604.85
315.046     -4.067     44.914    -30.346       5565 77.32 78.79 75.88 5687.59 -120.51
40.085     -1.447    172.998    -53.384      10951 151.40 157.05 145.95 11183.00 -239.03
186.613     31.222    174.548     83.182        994 8.19 8.21 8.18 600.26 460.22
 7.329     27.789    116.970    -34.826      29620 393.36 432.03 358.15 29473.79 160.15
 2.589     19.802    109.880    -42.027      17318 235.44 249.16 222.47 17475.39 -166.34
18.294    -15.560    147.611    -77.377      56612 724.95 859.11 611.75 55478.24 1344.01
34.991     -3.224    168.275    -58.076      53672 685.61 805.29 583.72 52331.66 1573.97
17.051    -19.790    151.448    -81.717      14390 189.67 198.56 181.19 14041.00 372.18
 3.348     16.604    109.920    -45.304      23604 318.06 343.23 294.74 23723.64 -129.49
321.515     10.406     62.789    -27.672      28417 390.96 429.16 356.16 29289.77 -958.50
319.811     10.071     61.337    -26.553      25727 350.74 381.41 322.54 26212.81 -532.75
59.065    -26.480    222.970    -48.994      44870 567.15 648.43 496.07 42959.23 2185.07
125.540     49.000    170.347     34.700      28338 378.69 414.50 345.98 28349.72 -12.56
138.149     34.855    189.344     43.040      20038 269.19 287.17 252.34 20020.36 15.71
62.236     -9.044    201.374    -40.085      41868 529.89 600.66 467.45 40041.85 2070.03
 7.532     16.163    115.501    -46.401      29601 389.91 427.90 355.29 29209.02 429.67
40.304      0.548    171.057    -51.760      38420 490.63 551.16 436.75 36983.69 1613.98
214.777     42.458     79.282     66.486      27150 385.10 422.15 351.31 28840.75 -1853.77
17.964    -19.481    155.490    -81.033      24875 316.32 341.21 293.24 23591.37 1384.14
317.703     -4.376     46.127    -32.806      35625 482.38 540.86 430.22 36343.01 -805.65
357.287     24.684    105.371    -36.054      56547 738.96 878.48 621.60 56602.94 -66.63
132.221     49.350    169.924     39.067      41554 550.84 627.42 483.60 41680.08 -143.86
309.779      0.047     46.013    -23.738      23072 309.26 333.04 287.18 23055.22 18.19
51.629     -2.121    185.678    -45.259      56770 721.58 854.46 609.36 55207.39 1850.25
139.078     42.390    178.992     44.091      20907 280.30 299.80 262.06 20860.24 50.15
13.549    -14.970    126.092    -77.825      21704 279.36 298.73 261.24 20789.16 1201.56
150.243      3.467    235.517     42.947      45368 593.11 682.14 515.70 45000.18 422.59
35.746     35.663    143.102    -23.598      31828 416.86 460.35 377.47 31279.59 605.16
47.994      2.847    176.995    -44.772      18691 252.60 268.41 237.72 18767.86 -81.64
53.886    -28.514    224.931    -53.867      22966 308.51 332.17 286.53 22997.95 -34.16
15.068    -15.298    133.227    -77.993      16259 223.94 236.35 212.19 16611.07 -395.24
174.119     13.221    247.662     67.631      29458 399.86 439.83 363.51 29972.53 -565.56
21.897      3.489    140.223    -58.164      33536 433.01 479.98 390.63 32523.75 1121.91
325.108      8.308     63.461    -31.750      25711 344.90 374.54 317.60 25767.04 -60.78
121.674     38.879    181.853     30.641      21467 289.12 309.88 269.75 21527.82 -64.58
193.601      7.043    305.073     69.902      15328 208.97 219.77 198.71 15486.88 -174.35
16.375      3.755    129.741    -58.930      29622 383.86 420.67 350.28 28745.73 960.57
185.750     18.594    263.977     79.247      21024 293.74 315.17 273.76 21877.79 -938.75
176.348     20.324    233.657     73.444       7228 101.15 103.67 98.70 7450.34 -244.20
224.325     43.460     73.975     59.844      11363 158.28 164.46 152.34 11696.19 -353.11
93.137    -21.123    228.080    -17.730      21100 283.11 303.01 264.52 21072.82 28.72
152.542      6.751    233.464     46.676      30360 401.58 441.90 364.93 30104.83 281.24
181.517     20.537    242.958     77.718       7431 104.65 107.34 102.03 7709.51 -290.25
154.080     -1.787    244.394     42.785      25871 345.53 375.28 318.13 25814.92 60.68
196.609      0.278    311.188     62.909      27452 379.45 415.41 346.61 28407.99 -1046.68
130.362     44.146    176.560     37.770      24475 328.40 355.24 303.58 24509.84 -37.35
242.026     25.484     42.390     46.179      12665 173.99 181.46 166.83 12868.53 -201.12
172.910     14.076    243.988     67.274      24355 332.92 360.52 307.43 24853.91 -540.54
189.351     23.094    263.955     84.865      14131 191.92 201.02 183.24 14209.33 -80.77
134.078     -0.442    228.807     27.242       3907 54.23 54.95 53.51 3983.41 -67.24
186.239      6.098    285.076     68.047      24352 336.46 364.66 310.44 25123.88 -836.15
132.913     23.936    202.031     36.326      23661 316.59 341.52 293.47 23611.75 52.80
155.720     -0.633    244.662     44.781      24072 322.01 347.81 298.12 24023.78 51.74
203.248     32.610     66.767     79.464      10969 151.16 156.79 145.74 11165.46 -177.82
194.800     -4.204    306.650     58.612      27341 376.32 411.68 344.00 28168.08 -905.18
224.835     38.516     64.197     61.005      22622 315.19 339.91 292.28 23505.78 -967.78
189.840     -0.414    296.425     62.305      39958 538.17 611.21 473.85 40688.60 -829.39
159.326     -5.161    252.744     44.254      21377 287.46 307.98 268.30 21401.87 -26.10
219.266     -8.076    342.684     46.482      30235 420.15 464.35 380.17 31533.17 -1434.29
203.064     31.720     62.702     80.003      39505 541.21 615.09 476.20 40926.37 -1615.98
245.542     21.222     37.903     41.914       9682 125.35 129.22 121.60 9245.28 455.96
235.842     12.960     22.237     47.456      33414 468.39 523.48 419.10 35258.46 -2060.89
226.950    -10.247    349.078     40.104      14293 194.30 203.62 185.40 14387.27 -97.59
235.654      6.855     14.410     44.653      21247 284.67 304.80 265.88 21191.34 59.26
195.966     -3.452    309.009     59.273      24335 337.64 366.03 311.44 25213.40 -952.83
170.195     14.204    239.833     65.236      39363 526.31 596.12 464.68 39762.45 -453.03
245.317     14.553     29.553     39.754      10561 141.38 146.30 136.62 10436.66 146.55
186.424      7.228    284.697     69.184       1330 10.49 10.51 10.46 768.50 653.00
158.421     -3.707    250.418     44.667      19875 267.98 285.80 251.28 19929.18 -62.67
219.274     34.633     57.815     66.203      25359 362.89 395.74 332.76 27140.35 -1942.80
154.161     73.400    136.306     39.450       2877 42.42 42.86 41.99 3114.38 -232.70
155.828     -0.429    244.544     44.995      28874 384.48 421.41 350.79 28793.21 67.33
226.888    -12.215    347.376     38.639      38592 527.94 598.18 465.94 39889.44 -1469.87
186.495      7.235    284.883     69.210      46560 622.33 720.54 537.52 47306.17 -864.19
221.213     43.317     75.610     61.966      24422 350.73 381.39 322.53 26211.81 -1946.36
186.494      6.741    285.258     68.734      24351 336.67 364.91 310.63 25140.14 -855.52
182.297     16.868    257.157     75.831      32740 446.17 496.08 401.27 33539.34 -888.65
232.532     -0.565      3.529     42.883      23253 310.97 335.02 288.65 23184.96 73.67
187.211     19.331    268.122     80.637      51330 684.53 803.82 582.94 52245.11 -1074.96
154.972     -3.735    247.172     42.160      14497 194.24 203.56 185.35 14383.26 122.85
244.142     20.920     36.963     43.062      22854 306.89 330.31 285.13 22875.30 -22.66
238.592     24.490     39.869     48.968      39076 542.02 616.12 476.82 40989.59 -2175.01
194.033     -4.961    305.132     57.891      54355 720.07 852.39 608.30 55086.88 -866.92
196.519     23.801    348.535     85.312      45287 612.04 706.95 529.86 46492.50 -1392.63
244.474     32.109     52.287     45.274      18938 256.61 272.94 241.27 19070.93 -140.94
187.641     11.518    284.488     73.638      25840 357.54 389.42 328.27 26732.03 -971.70
205.025     29.448     47.995     79.045      36236 499.84 562.70 444.01 37699.90 -1648.56
233.321     10.271     16.967     48.383      69127 912.73 1128.11 738.47 70743.83 -1998.89
189.250     -5.533    296.298     57.153      36661 494.60 556.12 439.88 37292.16 -709.49
229.867     13.850     19.414     53.053      42749 586.60 673.65 510.80 44487.74 -1996.78
176.193     20.126    234.033     73.223       6928 91.63 93.69 89.61 6745.26 114.66
246.502     28.427     47.644     42.926      30025 419.62 463.70 379.73 31491.89 -1610.06
243.082     26.783     44.514     45.545      30049 426.85 472.49 385.63 32049.35 -2214.67
195.494     28.009     54.189     87.504       8037 117.88 121.30 114.56 8690.89 -671.88
227.341    -11.119    348.719     39.192      30190 420.38 464.62 380.35 31550.69 -1504.17
176.080     19.318    236.273     72.739      26439 362.47 395.24 332.41 27108.28 -730.31
331.874      3.097     63.821    -40.257      24499 328.95 355.89 304.05 24552.05 -57.80
194.680      3.604    307.477     66.411      33337 455.76 507.87 408.99 34280.55 -1051.53
235.089      7.281     14.506     45.355      11562 157.37 163.47 151.49 11627.86 -66.58
160.261     -3.937    252.514     45.783      25280 337.73 366.15 311.53 25220.82 63.66
242.238     35.421     56.816     47.432      12948 178.60 186.47 171.06 13212.67 -273.37
187.863      4.227    290.295     66.607      27053 371.96 406.49 340.36 27834.06 -854.04
333.864      5.545     67.943    -40.121      24494 329.00 355.95 304.09 24555.60 -66.38
315.945     -0.960     48.536    -29.565      38622 522.19 590.89 461.48 39440.81 -926.77
245.808     26.476     44.855     43.102      19388 261.69 278.67 245.74 19453.70 -58.90
237.167     20.059     32.823     48.994      29436 418.06 461.81 378.46 31372.36 -2138.75
195.034     28.170     61.841     87.810       7018 93.43 95.58 91.34 6878.80 242.84
188.534      3.825    292.127     66.333      25581 352.91 383.97 324.37 26378.49 -867.86
227.454      0.534      0.048     47.464      11914 164.18 170.83 157.79 12136.20 -235.95
209.871     35.423     66.884     73.297      36195 500.74 563.82 444.71 37769.46 -1773.22
220.209     42.253     74.224     63.091      24130 346.82 376.80 319.23 25913.47 -1937.88
239.184     25.674     41.807     48.719      22307 299.99 322.36 279.18 22352.08 -48.45
222.865    -11.901    343.582     41.309      21216 282.95 302.83 264.38 21060.78 164.90
322.403     12.916     65.597    -26.766       8651 121.75 125.39 118.21 8977.54 -363.09
18.520     -1.740    135.947    -64.038       4568 59.94 60.82 59.07 4404.33 193.10
238.524     24.595     40.001     49.054      21143 284.40 304.48 265.64 21170.41 -30.45
244.244     27.618     45.978     44.711      14988 203.57 213.81 193.82 15081.71 -95.11
210.848     -6.032    333.268     52.550       2882 38.33 38.69 37.97 2813.17 71.30
193.822      2.897    305.272     65.752       3119 42.81 43.26 42.37 3142.89 -45.67
182.908     12.163    269.046     72.363      22487 311.96 336.16 289.50 23260.02 -833.35
 4.282     21.985    112.501    -40.191      26607 357.54 389.42 328.26 26731.45 -135.20
186.091      9.292    281.942     71.052       7360 102.33 104.90 99.82 7537.32 -162.16
203.276     32.592     66.619     79.451      10608 144.83 149.99 139.84 10693.67 -68.38
332.050      7.117     67.852    -37.730      14616 197.50 207.13 188.31 14626.85 -11.32
239.583     27.376     44.443     48.717      26650 367.18 400.82 336.36 27468.48 -929.07
187.055     10.296    283.827     72.301      27344 376.71 412.14 344.32 28197.71 -933.59
 7.872     17.383    116.167    -45.226      11037 150.86 156.47 145.46 11143.21 -107.28
 2.482     19.976    109.798    -41.835      32290 427.73 473.56 386.34 32117.13 191.80
184.912     11.998    275.153     73.131      19542 261.66 278.63 245.71 19451.43 101.60
 0.814     16.146    106.412    -45.175        692 14.58 14.64 14.53 1068.94 -378.54
228.005     -3.222    356.625     44.504       6664 86.48 88.31 84.68 6364.19 311.38
317.772     13.079     62.632    -23.139      29628 408.53 450.28 370.65 30639.00 -1114.64
225.157     -8.283    348.986     42.746      31402 436.43 484.16 393.40 32787.39 -1536.91
186.694      8.883    284.063     70.845       1597 16.99 17.07 16.92 1245.86 364.74
22.976    -13.422    159.531    -73.348      10501 140.68 145.55 135.97 10384.72 118.70
249.669     32.549     53.764     40.996      16299 221.07 233.16 209.61 16395.01 -107.20
 2.575      1.416    102.159    -59.786      19108 258.31 274.85 242.76 19198.65 -96.92
19.502     -1.579    138.044    -63.669      11668 156.82 162.88 150.98 11586.77 84.64
37.147     -4.616    173.044    -57.702      26725 337.58 365.96 311.39 25208.89 1644.04
239.192     28.758     46.426     49.297      23171 311.44 335.57 289.05 23220.92 -53.35
334.274      4.846     67.633    -40.895      35573 477.58 534.88 426.42 35970.88 -445.89
334.588      6.122     69.140    -40.248      22157 298.25 320.35 277.67 22219.59 -66.75
238.942     25.441     41.389     48.880      42071 580.06 665.15 505.86 43973.32 -2181.22
40.433     -2.247    174.351    -53.724      41719 532.53 604.02 469.50 40247.89 1668.75
177.825     18.327    242.234     73.598      20437 275.30 294.11 257.70 20482.34 -2.05
330.911      7.303     67.068    -36.769      23901 321.19 346.86 297.41 23961.26 -65.51
21.123    -19.862    170.860    -79.507      19705 265.92 283.46 249.46 19773.12 -73.17
 5.808     16.176    113.132    -46.158      32591 429.47 475.67 387.76 32251.14 376.69
 1.825      0.838    100.365    -60.085      31983 419.35 463.37 379.51 31471.34 564.77
322.387      8.079     61.303    -29.784      28713 394.03 432.84 358.70 29525.29 -892.26
228.003    -11.405    349.112     38.551      30186 420.37 464.60 380.34 31549.54 -1507.22
35.757     -0.419    166.187    -55.404      30308 385.93 423.14 351.99 28904.26 1539.38
11.912    -20.523    115.262    -83.339       5932 83.84 85.57 82.15 6169.25 -247.42
68.405    -22.034    219.999    -39.628      17946 241.18 255.58 227.58 17907.49 39.03
323.617     10.344     64.209    -29.322      22451 301.99 324.66 280.91 22503.54 -56.24
325.105     11.749     66.523    -29.536      23316 313.49 337.93 290.81 23376.09 -64.57
330.717      3.373     63.134    -39.193      26597 356.49 388.19 327.39 26651.90 -59.95
38.419     40.667    143.079    -18.170      24061 324.47 350.68 300.23 24211.32 -163.01
18.947      1.506    135.472    -60.772      23643 311.26 335.36 288.90 23207.21 -3.03
242.125     23.701     39.940     45.649      20674 279.02 298.35 260.95 20763.73 -97.79
18.961    -15.905    150.945    -77.429      15374 208.88 219.67 198.63 15480.42 -129.39
49.207      3.660    177.340    -43.334      11806 166.35 173.18 159.80 12298.24 -515.41
16.710      0.047    131.316    -62.574      30524 394.67 433.60 359.23 29574.50 1043.43
20.150      3.440    137.016    -58.632      29636 382.68 419.26 349.29 28654.91 1074.68
22.065    -14.051    158.064    -74.354      26673 339.53 368.25 313.05 25357.98 1425.69
322.907     11.833     65.013    -27.838       8050 110.68 113.69 107.75 8156.43 -86.98
 5.618     16.736    113.001    -45.576      35586 468.48 523.58 419.17 35265.04 358.60
140.212     42.272    179.120     44.933      12511 170.76 177.95 163.85 12626.88 -118.25