7.786482039197616389e-01
8.082347013352110254e-01
8.448579414736655524e-01
9.179131824983424170e-01
8.838961562348356393e-01
8.375707768032474299e-01
6.940469089541571046e-01
6.630353047186304805e-01
8.595410845464958038e-01
5.444886116348258698e-01
8.698517858647802914e-01
7.250276008726336263e-01
5.921554437769465107e-01
5.726196899147198982e-01
7.920678716673552611e-01
7.479815311831324864e-01
7.749796906020396392e-01
7.901302534641703179e-01
8.172130753257271785e-01
7.868308154422455347e-01
9.000747095028434064e-01
9.390139894387429242e-01
6.593312357946718993e-01
7.169568013073491786e-01
7.978801846261762698e-01
7.082973415358146951e-01
6.865740022976707380e-01
7.576602410047381664e-01
8.653221028463375930e-01
7.849237080494413377e-01
6.631467456714450481e-01
6.784282371240976106e-01
7.491191392224209045e-01
6.621278991534298441e-01
7.553686506426892100e-01
7.444769976917859911e-01
8.980142995078949086e-01
7.703056188451256059e-01
7.255471828303380333e-01
8.734429590428036683e-01
6.300677696095158264e-01
7.698027044939479424e-01
8.349624655666555428e-01
8.618440465455805555e-01
8.659314550101548935e-01
8.220693412598359950e-01
6.379129554312639172e-01
1.553994240388413495e+00
6.203386695896970782e-01
5.388514273307043467e-01
7.614890421918750762e-01
6.996810222177448635e-01
6.965157696317567648e-01
8.637965451973170783e-01
5.416921556076783606e-01
7.507892275262898485e-01
8.486104003703860421e-01
9.277714093241644644e-01
5.718974701737784549e-01
6.956345755904187467e-01
8.494636333088598779e-01
8.804726443501050825e-01
7.607941698648962303e-01
7.471184987384781317e-01
8.763987285609305955e-01
5.637701935771085582e-01
8.065335479973585464e-01
5.715724176574100701e-01
4.366760002949595099e-01
4.144990857636886017e-01
8.334447870812689008e-01
7.611846347108565114e-01
7.226262202924882416e-01
6.885353882546195736e-01
7.687636497473839814e-01
7.798555447310778765e-01
8.191323538063317589e-01
5.753686799367183635e-01
7.376332368879472412e-01
6.219318238187414583e-01
8.811810953833274507e-01
5.732456611276649516e-01
7.040258934317412676e-01
8.456841991100101374e-01
8.448861048856736167e-01
6.866207252016963691e-01
6.607646740173962474e-01
9.267940756879167186e-01
6.734346251662229887e-01
7.659934003345628684e-01
8.781795777731918884e-01
6.544573678275220630e-01
8.270981061960934744e-01
9.595592569807128713e-01
7.983666486773993709e-01
7.361771514408058659e-01
8.266719440011277564e-01
7.828189265259510865e-01
7.057101672805556891e-01
7.361323879737738940e-01
8.298430397136706826e-01
6.844828952664100408e-01
7.038065537489469614e-01
8.306046932059415466e-01
8.521364872313489380e-01
7.783721615924031889e-01
7.699500956763831727e-01
5.962652662815512983e-01
7.692965209316314779e-01
6.994570269385188555e-01
8.587891535345131278e-01
8.287577019748101348e-01
7.204164068685607880e-01
7.530289655915388680e-01
5.352620858620462663e-01
7.172731308314231891e-01
7.481522564757692173e-01
7.181723371322922267e-01
5.648729953059911102e-01
7.343436350536588497e-01
6.892767696560396784e-01
7.835261078910594756e-01
4.763820604681006099e-01
6.299205788423642982e-01
8.343155558528513316e-01
7.754722396697214526e-01
5.388501383065803507e-01
5.550049100875819041e-01
8.494930641438378505e-01
5.674346770764412407e-01
8.588196013177684662e-01
8.711217432260069948e-01
1.024276332004164125e+00
5.305942585872126527e-01
7.385506900546806586e-01
7.296392770468677069e-01
5.827471338910523713e-01
8.701677042418075603e-01
8.578748581459304523e-01
7.634366791716979961e-01
6.410469404208358757e-01
8.329374210188800198e-01
6.407296489150938745e-01
8.212394880603415270e-01
6.953812116376096863e-01
7.185703473965339150e-01
6.895254804348692756e-01
7.560652049789571283e-01
5.110679746728438166e-01
8.640240812846122775e-01
6.770123430783825391e-01
7.550879216657593318e-01
6.054567339755116961e-01
8.241445917397174359e-01
6.585920221297788535e-01
6.841530941727731463e-01
5.979894639758538410e-01
