7.166827095639433098e-01
8.003353258313964380e-01
7.045941821580098408e-01
7.430079962971501972e-01
6.734117662492106193e-01
8.285009508124380195e-01
7.682210269836897698e-01
8.452925868067859838e-01
6.740027052906089056e-01
6.509424864788034837e-01
6.105951589806544177e-01
6.308793343112253371e-01
8.928848637198265603e-01
8.008328760112021216e-01
8.033148831891681052e-01
8.000437810879726941e-01
7.668946679920638498e-01
7.873678736642503173e-01
7.893481556620906003e-01
8.142327793923824775e-01
7.358110951662431010e-01
8.738272185954403248e-01
6.502529841306682323e-01
7.567399446509877059e-01
8.656339200579650228e-01
9.763508159555435162e-01
9.008850134510739682e-01
7.313792372615746107e-01
7.228515579493443033e-01
7.939351252085588007e-01
5.867710384912161459e-01
8.768794901332911396e-01
6.724726772655623686e-01
6.999315636176568489e-01
7.487352622323238949e-01
4.551394321887071714e-01
8.508382454265617234e-01
7.686410410283557315e-01
9.112711031181758292e-01
6.506015812266509046e-01
8.303058808568578586e-01
7.055753454979606376e-01
7.289729018247330661e-01
8.527459682818355757e-01
7.902832585061091430e-01
7.979824605060181764e-01
7.306797444086170490e-01
1.624514077958643110e+00
9.143174699473614053e-01
6.951826061997429251e-01
6.725711001389098609e-01
9.235826561439778315e-01
8.166771969367567774e-01
6.886797954693087975e-01
7.655080748383115141e-01
6.862563886214499975e-01
8.180700232914276393e-01
7.636350526552608819e-01
8.834147570831825114e-01
6.135928645459000075e-01
7.146545188105132285e-01
6.065747641049993311e-01
6.534552444974731644e-01
7.313106171945336076e-01
8.192085615071541538e-01
7.740141095197520249e-01
9.940794259895255891e-01
7.593889842358469977e-01
6.987763840754483979e-01
7.122698862133324260e-01
8.530597687017363873e-01
7.370834267278333352e-01
7.602854573291172313e-01
8.529545546821075686e-01
8.803839432200276649e-01
6.690879365307278448e-01
6.837836576359782592e-01
8.258738521770948582e-01
7.398792023794814599e-01
5.897879159361619772e-01
8.748534960166786112e-01
6.494443244157848127e-01
8.693733768185185617e-01
9.389721273315655425e-01
6.860671450105508828e-01
6.356057714921012902e-01
7.357401960582848899e-01
8.034700855133773967e-01
7.473161391898338612e-01
7.450705569058875266e-01
8.265136490908551181e-01
7.089777842873384861e-01
8.421394582209658086e-01
7.417174448533319087e-01
9.232253733340483048e-01
9.390416226051988557e-01
7.174122726606079192e-01
6.666218532004484221e-01
7.719064854194011005e-01
7.599541647608829553e-01
7.582822715051529272e-01
6.079810422273701498e-01
7.706349422525248238e-01
6.425281019764631507e-01
7.171536308477648447e-01
7.827569442321942184e-01
8.021090151868661700e-01
6.159618189608648819e-01
7.048224863401391094e-01
7.552940722230175874e-01
8.951870690455603352e-01
7.253288539622134712e-01
7.076983566389029034e-01
6.952945401402145231e-01
8.512138113643530346e-01
8.010170182279451323e-01
6.784549757663129732e-01
5.771436311111269868e-01
6.341033148034199707e-01
7.335309689355420382e-01
6.556821770152689854e-01
7.044925913822958075e-01
7.428654811771561173e-01
7.492227008327202453e-01
6.634507663563045110e-01
7.077978679367168402e-01
9.154257711836963907e-01
6.756964273243578623e-01
6.408986349044550890e-01
7.840008358774035457e-01
6.290367071061383486e-01
6.369531960418934879e-01
7.141919787195838421e-01
6.404622975336177193e-01
7.946066010518415546e-01
8.302549955587668062e-01
8.057556281993505376e-01
7.883453060197884721e-01
7.740457201163569723e-01
6.929301390515957282e-01
7.644455587023877285e-01
7.469100895692484254e-01
7.617031337900638244e-01
8.037188426561194809e-01
6.906657532458849724e-01
6.088589188226989357e-01
8.726367949331707008e-01
7.726534582880796309e-01
6.098436439059726766e-01
4.999317376475956309e-01
8.127282937949406039e-01
6.495015206350647219e-01
7.363450589297830806e-01
6.828229440290374264e-01
6.529072897621748250e-01
7.397826819689778954e-01
8.260225031711810884e-01
