SNID	SEARCH_PEAKMJD	REDSHIFT_CMB	REDSHIFT_CMB_ERR
0	0.0	0.01900435212657787	0.001
1	0.0	0.03900643749452968	0.001
2	0.0	0.05328560170423896	0.001
3	0.0	0.029941410917144903	0.001
4	0.0	0.02757582212629055	0.001
5	0.0	0.07703278128284523	0.001
6	0.0	0.07490833627415588	0.001
7	0.0	0.01603105012714599	0.001
8	0.0	0.0574670736918095	0.001
9	0.0	0.05067667837087609	0.001
10	0.0	0.03189876990456196	0.001
11	0.0	0.07527825639085792	0.001
12	0.0	0.06591159452529555	0.001
13	0.0	0.018318538298266435	0.001
14	0.0	0.020054086656808728	0.001
15	0.0	0.052728624789151954	0.001
16	0.0	0.07915887971100528	0.001
17	0.0	0.017569947954035204	0.001
18	0.0	0.02025798094276668	0.001
19	0.0	0.04312713373815766	0.001
20	0.0	0.050623383126091166	0.001
21	0.0	0.05796659367476457	0.001
22	0.0	0.027932910807282708	0.001
23	0.0	0.0374325802667875	0.001
24	0.0	0.02611572431967077	0.001
25	0.0	0.03563841910943932	0.001
26	0.0	0.06879414854734736	0.001
27	0.0	0.055749211226182364	0.001
28	0.0	0.017654666771082538	0.001
29	0.0	0.03743588177146091	0.001
30	0.0	0.06895052267346019	0.001
31	0.0	0.0506797419327919	0.001
32	0.0	0.06185792938521693	0.001
33	0.0	0.06479199578459569	0.001
34	0.0	0.04289775286356265	0.001
35	0.0	0.07469905387315412	0.001
36	0.0	0.04555983005790848	0.001
37	0.0	0.03051511199939024	0.001
38	0.0	0.05189810925445665	0.001
39	0.0	0.031810854649089164	0.001
40	0.0	0.04023415921911398	0.001
41	0.0	0.028305711411987414	0.001
42	0.0	0.06055804767957971	0.001
43	0.0	0.021326614566212036	0.001
44	0.0	0.07977917017698913	0.001
45	0.0	0.05397503609156816	0.001
46	0.0	0.06392826696595397	0.001
47	0.0	0.02373393228845941	0.001
48	0.0	0.06585774866629321	0.001
49	0.0	0.03491620978520664	0.001
50	0.0	0.03636808050700811	0.001
51	0.0	0.05584623633373904	0.001
52	0.0	0.03359844333790675	0.001
53	0.0	0.07243480596167147	0.001
54	0.0	0.03801091437792143	0.001
55	0.0	0.07032642753243831	0.001
56	0.0	0.029052300067591165	0.001
57	0.0	0.05704170086733189	0.001
58	0.0	0.051782213215632436	0.001
59	0.0	0.047349159696885516	0.001
60	0.0	0.02441990210090758	0.001
61	0.0	0.07800360273421372	0.001
62	0.0	0.038561607614201285	0.001
63	0.0	0.017321248800318635	0.001
64	0.0	0.026931737490498354	0.001
65	0.0	0.02038414882167068	0.001
66	0.0	0.03485211274638401	0.001
67	0.0	0.027410890579267252	0.001
68	0.0	0.03249017546462647	0.001
69	0.0	0.0760696097660153	0.001
70	0.0	0.043881816123521905	0.001
71	0.0	0.07290431439382836	0.001
72	0.0	0.06385763056063837	0.001
73	0.0	0.07566402845433767	0.001
74	0.0	0.06751503701148062	0.001
75	0.0	0.07165157460005275	0.001
76	0.0	0.031485967348561156	0.001
77	0.0	0.0756466927972151	0.001
78	0.0	0.03240984379720192	0.001
79	0.0	0.07654681788173906	0.001
80	0.0	0.05276292892728245	0.001
81	0.0	0.015332017150672004	0.001
82	0.0	0.07665410830209887	0.001
83	0.0	0.03329178107677238	0.001
84	0.0	0.024630774594157887	0.001
85	0.0	0.05920442249928689	0.001
86	0.0	0.0793963623083662	0.001
87	0.0	0.06591682438366375	0.001
88	0.0	0.03296178008070258	0.001
89	0.0	0.07228269424543099	0.001
90	0.0	0.07366087189132481	0.001
91	0.0	0.03335822491459737	0.001
92	0.0	0.07805967034412052	0.001
93	0.0	0.01776980224861581	0.001
94	0.0	0.041982413137182484	0.001
95	0.0	0.044539137761671135	0.001
96	0.0	0.02930697478926984	0.001
97	0.0	0.07836121434786883	0.001
98	0.0	0.06396459136509222	0.001
99	0.0	0.03985585693509085	0.001
100	0.0	0.029441019601268062	0.001
101	0.0	0.03667779067493558	0.001
102	0.0	0.03219422642462741	0.001
103	0.0	0.020202872732454143	0.001
104	0.0	0.03739685366895604	0.001
105	0.0	0.04804767326285454	0.001
106	0.0	0.0775849471932792	0.001
107	0.0	0.01830347946634465	0.001
108	0.0	0.027139472095780034	0.001
109	0.0	0.044684406486396794	0.001
110	0.0	0.05243947338371581	0.001
111	0.0	0.037506617687477505	0.001
112	0.0	0.06873529031961889	0.001
113	0.0	0.03611691749803249	0.001
114	0.0	0.07237685366748847	0.001
115	0.0	0.06508002803745185	0.001
116	0.0	0.07277823768071667	0.001
117	0.0	0.036322389521457554	0.001
118	0.0	0.055262332558137874	0.001
119	0.0	0.023136124243314973	0.001
120	0.0	0.07975565426085814	0.001
121	0.0	0.06156625846936737	0.001
122	0.0	0.025973247139674777	0.001
123	0.0	0.06352108863545135	0.001
124	0.0	0.05322995469154469	0.001
125	0.0	0.0722655478517453	0.001
126	0.0	0.02237902110637744	0.001
127	0.0	0.034093115741055904	0.001
128	0.0	0.05188986995616028	0.001
129	0.0	0.0381591871433209	0.001
130	0.0	0.07895599949357686	0.001
131	0.0	0.062121451859979145	0.001
132	0.0	0.04482065354296645	0.001
133	0.0	0.016036174511361807	0.001
134	0.0	0.04082520276392527	0.001
135	0.0	0.03838429811909283	0.001
136	0.0	0.032188221244053385	0.001
137	0.0	0.035944237912942475	0.001
138	0.0	0.07964209999161098	0.001
139	0.0	0.05433008214002803	0.001
140	0.0	0.05287982470180912	0.001
141	0.0	0.0680516906501814	0.001
142	0.0	0.033932660995480646	0.001
143	0.0	0.03488982382222029	0.001
144	0.0	0.06147804017595595	0.001
145	0.0	0.0778093244829241	0.001
146	0.0	0.01626882383441985	0.001
147	0.0	0.06467598869419652	0.001
148	0.0	0.026820043902264182	0.001
149	0.0	0.07431422666105231	0.001
150	0.0	0.03466019019266765	0.001
151	0.0	0.030034308209955365	0.001
152	0.0	0.07074023648479164	0.001
153	0.0	0.07740726649148855	0.001
154	0.0	0.07725725115738791	0.001
155	0.0	0.025362906477596384	0.001
156	0.0	0.03088297512752397	0.001
157	0.0	0.028165818461292062	0.001
158	0.0	0.030007601704404453	0.001
159	0.0	0.049764565857908026	0.001
160	0.0	0.04311385255875304	0.001
161	0.0	0.050592962878766745	0.001
162	0.0	0.034366395658841725	0.001
163	0.0	0.0433220438840531	0.001
164	0.0	0.06281381438188387	0.001
165	0.0	0.06850158893471825	0.001
166	0.0	0.07583244591276986	0.001
167	0.0	0.021777654528077568	0.001
168	0.0	0.06784574789332457	0.001
169	0.0	0.06874005951992673	0.001
170	0.0	0.07366610105580264	0.001
171	0.0	0.07720050023462	0.001
172	0.0	0.061384452663476446	0.001
173	0.0	0.06733428185196372	0.001
174	0.0	0.03471306939750435	0.001
175	0.0	0.06901278941125968	0.001
176	0.0	0.07163906036756812	0.001
177	0.0	0.02862808680352871	0.001
178	0.0	0.03358824231061763	0.001
179	0.0	0.04280403809529022	0.001
180	0.0	0.05494013738867101	0.001
181	0.0	0.04425236053728432	0.001
182	0.0	0.01874333757288847	0.001
183	0.0	0.058401609330128994	0.001
184	0.0	0.0724488261137832	0.001
185	0.0	0.03730888869930481	0.001
186	0.0	0.01929790956695367	0.001
187	0.0	0.07196365161749085	0.001
188	0.0	0.054100559250674474	0.001
189	0.0	0.0367125825515408	0.001
190	0.0	0.03138451554746339	0.001
191	0.0	0.06673241103446262	0.001
192	0.0	0.06426811166415	0.001
193	0.0	0.05783345754665118	0.001
194	0.0	0.07227023212714895	0.001
195	0.0	0.028429618579641193	0.001
196	0.0	0.03657921239701806	0.001
197	0.0	0.07896514772371499	0.001
198	0.0	0.04229524439013685	0.001
199	0.0	0.07326223268295834	0.001
