SNID	SEARCH_PEAKMJD	REDSHIFT_CMB	REDSHIFT_CMB_ERR
2019wka	58837.64647776489	0.03938237188611016	0.005
2019wqf	58836.1628522115	0.033527960183561856	0.005
2019wyp	58833.66589463544	0.08206537152199922	0.005
2019yfu	58849.851031297636	0.08571402018272933	0.005
2019yyb	58854.074098612975	0.06912153090163797	0.005
2019zfv	58849.88746711268	0.13709504969251496	0.005
2020aajf	59184.39185878486	0.06941324377479252	0.005
2020aavd	59169.360250030884	0.14166918178864885	0.005
2020aazk	59184.43870404342	0.10294373677068536	0.005
2020aazr	59191.13635900619	0.07890055920916383	0.005
2020abcn	59191.82421045786	0.0395203762424674	0.005
2020abip	59197.27521506569	0.03519788741238283	0.005
2020abkf	59188.20353513334	0.04854813558879978	0.005
2020abpt	59192.66602939084	0.13815102740038232	0.005
2020acbc	59200.228937725995	0.12977505769373732	0.005
2020aciz	59204.13050890765	0.12530706749305565	0.005
2020acjy	59203.126621226336	0.07680702149446783	0.005
2020acmm	59211.27516377165	0.05878711253375468	0.005
2020acts	59210.99811780512	0.06030231896802385	0.005
2020acxb	59201.86140382718	0.14241293269231203	0.005
2020add	58871.23182684428	0.10929560168904384	0.005
2020adkc	59218.029644129536	0.09300313433859997	0.005
2020adlp	59219.39868933711	0.07910167683863967	0.005
2020aeqp	59221.61579665668	0.06096360878532292	0.005
2020ann	58882.44835098218	0.08125183976128003	0.005
2020atv	58878.08145884177	0.08127416538101495	0.005
2020azn	58886.0558053534	0.14092279215766013	0.005
2020azs	58890.03323047056	0.1359688204087972	0.005
2020azt	58885.30120639054	0.15128002599707946	0.005
2020cyz	58911.912564870196	0.11096842751087022	0.005
2020dow	58919.13038936615	0.04831000837408905	0.005
2020dwg	58922.15955826689	0.04825090417967037	0.005
2020dyc	58919.42117841676	0.07081831610439915	0.005
2020eci	58919.651482949695	0.06959430782550036	0.005
2020ees	58928.19014388465	0.025200308966727647	0.005
2020evu	58941.7615713442	0.05843154980164611	0.005
2020ewx	58943.362538781876	0.06056746377339839	0.005
2020hr	58864.87964047486	0.08305351469848832	0.005
2020igy	58977.85826090522	0.0320152496263193	0.005
2020ilb	58980.58602569592	0.05078625618709953	0.005
2020ioz	58976.88496931424	0.06101295093990977	0.005
2020jny	58993.83143355724	0.024795182779909997	0.005
2020juq	58988.16270007455	0.12040444433978603	0.005
2020kaj	58987.23594885191	0.1409137157858129	0.005
2020kbl	58991.72640979341	0.07923991239107075	0.005
2020kvl	59012.78414041583	0.12124404028014335	0.005
2020lbf	59008.98045156009	0.05506984962932426	0.005
2020lht	59013.110539870635	0.07724410258444525	0.005
2020msu	59025.288373379844	0.1005461103999008	0.005
2020myi	59027.679835929506	0.07175956740057932	0.005
2020nbo	59027.06971698141	0.05033392129173375	0.005
2020pf	58865.72068344892	0.09620522848401425	0.005
2020pki	59047.60805378749	0.026900719872347656	0.005
2020ppe	59055.99593696486	0.03761192949935421	0.005
2020prg	59052.56867912052	0.07892987791047656	0.005
2020pst	59064.82491495414	0.04489149381948265	0.005
2020psv	59057.13623011629	0.09215031457184453	0.005
2020pyf	59056.49031710742	0.0733336630161634	0.005
2020pyy	59061.53559967808	0.1126865906678991	0.005
2020qkx	59067.76803023917	0.12575099505412024	0.005
2020qql	59075.68614118902	0.07610846578981079	0.005
2020qwb	59078.69111265729	0.06986182698584309	0.005
2020rii	59077.97876105132	0.08708099143788917	0.005
2020rkt	59078.59901461709	0.10212315751586898	0.005
2020rmg	59090.84398245644	0.03897775329832953	0.005
2020rmy	59088.36501356565	0.13691002249120365	0.005
2020row	59093.370053486135	0.08870864557950786	0.005
2020rvq	59093.447475666464	0.13115972638737183	0.005
2020ryb	59080.36219124503	0.08263500996821804	0.005
2020ryn	59085.15182585106	0.07373238657230519	0.005
2020sag	59104.454595091935	0.0387914021573037	0.005
2020scj	59096.904440625076	0.10169772497316898	0.005
2020sga	59104.45526082735	0.07781801896325935	0.005
2020sia	59102.2727228554	0.09779584717723	0.005
2020sjo	59107.25697958151	0.030885203550766738	0.005
2020skd	59101.60775731543	0.05889943285999699	0.005
2020skr	59107.27440617576	0.09825917592912536	0.005
2020svo	59112.49181001048	0.037934376190038366	0.005
2020teb	59096.99323224538	0.10329702432428634	0.005
2020tfc	59114.22158304263	0.028867144148422064	0.005
2020tht	59102.92074882552	0.05199491807377399	0.005
2020tip	59116.30087063603	0.09373475950261412	0.005
2020tqz	59111.01373856329	0.13465551779400542	0.005
2020tug	59127.20946173447	0.04875569546277947	0.005
2020ufe	59125.2418258379	0.07513079054023941	0.005
2020ulf	59129.82769320865	0.032495540269043	0.005
2020ulz	59132.9097444773	0.10276470909933333	0.005
2020usm	59126.92629054928	0.10276336498413352	0.005
2020uwr	59134.764668970325	0.07871762139276428	0.005
2020vbs	59138.93755822411	0.05353687960958231	0.005
2020wfg	59143.13089355831	0.10862695233730957	0.005
2020wux	59147.627544550116	0.06501982936891215	0.005
2020xoc	59150.365501560256	0.12895450430622235	0.005
2020xqb	59160.576181141456	0.03581271968353117	0.005
2020yhn	59156.07960948021	0.0887158623923141	0.005
2020yza	59166.76337440492	0.07230847662145834	0.005
2020zbr	59167.483628439404	0.09063492968162978	0.005
2020zgc	59172.50428813742	0.06702253093459354	0.005
2020zhh	59178.65216116089	0.039783162321803456	0.005
2020zj	58870.27597613669	0.031919087597487295	0.005
2020zjo	59178.356119001044	0.08246006541744122	0.005
2020zmi	59186.04826757765	0.018564302062097804	0.005
2020zpi	59182.22451975839	0.03652722048225021	0.005
2021aaez	59495.72662668414	0.0988005687261364	0.005
2021abam	59507.50572466295	0.04799916793060843	0.005
2021abgx	59503.27471856342	0.07873345375307017	0.005
2021abpc	59510.549052441354	0.09478770946076742	0.005
2021abwk	59511.26931112903	0.08581512398636626	0.005
2021abwl	59506.222266443256	0.14967184881828977	0.005
2021abwm	59515.5052779736	0.09452641213332225	0.005
2021abym	59517.32576238142	0.06683954976920847	0.005
2021acfi	59519.28606148464	0.13965670741378444	0.005
2021acgu	59515.5050730281	0.1281569633436157	0.005
2021aci	59237.73916650992	0.09056171533521806	0.005
2021actw	59527.040586931624	0.08297271889038793	0.005
2021acvp	59529.45583780378	0.11883063075758837	0.005
2021aczd	59524.016731581316	0.1386086590606772	0.005
2021adew	59532.98279231171	0.07696079420836188	0.005
2021adtd	59532.398098786674	0.06973971760901976	0.005
2021adug	59540.03215942191	0.07239831005741593	0.005
2021adwh	59532.42051085824	0.15133024034631815	0.005
2021aegy	59539.0390527089	0.10616554666702638	0.005
2021aeja	59540.80695911207	0.0623457849296607	0.005
2021aele	59539.54738329587	0.07660722342818427	0.005
2021afeb	59553.75239517608	0.05423433205659478	0.005
2021afj	59232.30552529292	0.09826274987417039	0.005
2021afkm	59552.9874751835	0.11186377436727435	0.005
2021afra	59554.73949616038	0.08576224756824247	0.005
2021afui	59553.783428997755	0.07160657605468135	0.005
2021agu	59243.33838927334	0.05113018999739305	0.005
2021apd	59236.34320664361	0.09880938187620125	0.005
2021arl	59243.26561921353	0.07012973963326141	0.005
2021bmb	59256.45230618512	0.037901767306431466	0.005
2021bmt	59253.702374989996	0.07038084490604479	0.005
2021bpq	59260.3674907031	0.10127159913824157	0.005
2021bsf	59257.505859513956	0.024787049257187777	0.005
2021cca	59264.52660490061	0.08629572479356895	0.005
2021ccl	59262.88384281877	0.0915698687067994	0.005
2021cta	59270.426238957894	0.08164112735439888	0.005
2021dcu	59269.65513339456	0.042246140255279174	0.005
2021dha	59270.990054616115	0.08123888091359532	0.005
2021dnm	59280.39328560165	0.04713490079300198	0.005
2021dpw	59274.657830109	0.08123098448774146	0.005
2021dqo	59278.55472721351	0.07892413639882534	0.005
2021eng	59287.18578169887	0.08029430045018437	0.005
2021fnt	59287.68290410245	0.03658699637374996	0.005
2021fom	59289.53748782751	0.09119877990486591	0.005
2021foz	59296.319549441076	0.07546024445768085	0.005
2021frk	59298.075083601674	0.1332868314608	0.005
2021fwm	59302.770984289135	0.07130576017274826	0.005
2021gba	59300.32197736758	0.10085457551324084	0.005
2021gcv	59294.96307454739	0.13177300420153104	0.005
2021gfv	59290.700368877864	0.11145875933965121	0.005
2021gqc	59303.5181306929	0.047675391343197315	0.005
2021gyh	59303.735847147866	0.08117424745967083	0.005
2021hca	59308.33927917883	0.13129925999052805	0.005
2021hem	59317.22402239502	0.035226474887540826	0.005
2021hlp	59309.53658120312	0.06629494248515844	0.005
2021hol	59310.168265362736	0.0845881538236477	0.005
2021idh	59316.52785287563	0.0963134764010849	0.005
2021iok	59319.329688808175	0.12872986542793563	0.005
2021itd	59325.73865882714	0.0814629998304437	0.005
2021iuk	59319.73833926696	0.0812257422679219	0.005
2021iyr	59325.12758784918	0.10920944570062807	0.005
2021jkd	59323.695835343446	0.07756495719072465	0.005
2021jze	59331.410817715965	0.04835834930140903	0.005
2021jzf	59332.753768210445	0.07623328592315981	0.005
2021kbj	59334.52997140896	0.1303443195599825	0.005
2021kfy	59330.50574012247	0.15106084694576838	0.005
2021khl	59331.33410032587	0.06316962833596951	0.005
2021kwa	59340.044786378465	0.08619273426935226	0.005
2021kyp	59342.82349960724	0.12086878126239187	0.005
2021ljb	59350.78732462545	0.12228866327438048	0.005
2021log	59349.342634818095	0.1425954419040023	0.005
2021low	59360.06535554092	0.02311022683024966	0.005
2021lta	59353.944267089704	0.1001537839733182	0.005
2021luu	59353.88613018391	0.10023142702258903	0.005
2021lxb	59356.39975155235	0.02681019631656345	0.005
2021lzc	59355.358923718624	0.10070234475181339	0.005
2021mfy	59359.994963676836	0.08818963581168049	0.005
2021mgd	59357.345733334994	0.11120021520929613	0.005
2021mim	59361.3789716223	0.03856747395917992	0.005
2021mwb	59369.11655743542	0.043188767079525014	0.005
2021nlj	59370.24026871191	0.09023786249335819	0.005
2021nsh	59369.22266342519	0.08170416648129875	0.005
2021nsi	59367.726117070735	0.12882862340712942	0.005
2021nyt	59376.21953307259	0.06467152593315961	0.005
2021oal	59374.68434466128	0.09818882562250142	0.005
2021oat	59375.969717743275	0.023409409780621893	0.005
2021oaw	59375.1878448961	0.08532863443129068	0.005
2021oez	59380.133740086814	0.039741834208147475	0.005
2021ofq	59380.63493220966	0.12073255093215862	0.005
2021ojn	59382.47257248545	0.08048841386546757	0.005
2021orm	59377.64342126255	0.0744089022535741	0.005
2021pbf	59383.37946099812	0.07076781854075187	0.005
2021pby	59384.121420243995	0.02885578791238097	0.005
2021pci	59382.698451107746	0.07052684669086418	0.005
2021pde	59383.27798521534	0.04999424821546383	0.005
2021pl	59222.766874224384	0.07500765709003088	0.005
2021qas	59378.101376402396	0.08875264160584728	0.005
2021qqo	59393.4981661105	0.02455010225103882	0.005
2021qve	59399.361335211295	0.035385986121221125	0.005
2021qvo	59400.842384898075	0.048753473243408285	0.005
2021qxq	59400.52842230211	0.08889525538898013	0.005
2021qxr	59397.47183335966	0.09121122822768246	0.005
2021qxu	59403.07270637198	0.036814775249514264	0.005
2021rdf	59403.99501016575	0.10770927028637511	0.005
2021rgs	59393.41370273079	0.0651854781567871	0.005
2021ryz	59415.090870068525	0.02222970286988568	0.005
2021sbc	59411.789180146654	0.09882761230698045	0.005
2021sld	59408.6290205056	0.10474598559956094	0.005
2021sun	59412.600751926446	0.03502780866889377	0.005
2021sve	59414.228430347364	0.05436908241849481	0.005
2021tks	59420.27524655295	0.06373619853399992	0.005
2021tol	59418.846903317295	0.03892168757639203	0.005
2021tsj	59420.17246473204	0.07729146442141532	0.005
2021tup	59419.05467888386	0.11865814860963564	0.005
2021uhl	59428.64010666173	0.07390930949384988	0.005
2021ukp	59434.18397946578	0.14033430437030914	0.005
2021uou	59435.71393287461	0.13916019204583874	0.005
2021us	59232.93540706239	0.06817159901182679	0.005
2021uyq	59438.04337137389	0.07972400109353472	0.005
2021vaw	59441.87296555305	0.10871285595874292	0.005
2021vcz	59441.7359543771	0.10668217909451694	0.005
2021vku	59444.50765441887	0.09577652790034219	0.005
2021vmm	59441.584422613225	0.10068928000372046	0.005
2021vri	59441.47223648256	0.10109769767147525	0.005
2021vtq	59458.25800985764	0.019785666099181087	0.005
2021vym	59447.149227205846	0.07488939920664461	0.005
2021wfg	59455.45071460019	0.0777745400988592	0.005
2021wfn	59448.40606179741	0.08871771685996355	0.005
2021wrt	59450.44969021748	0.08025730532420994	0.005
2021wue	59459.58927239768	0.07886478880058645	0.005
2021xkm	59471.170739779285	0.05128325001890932	0.005
2021xvu	59452.27948101274	0.10181807917189944	0.005
2021yab	59465.51344414668	0.09885470429125398	0.005
2021zep	59488.261835307945	0.08897002577614099	0.005
2021zfw	59482.990925030805	0.026851648089799784	0.005
2021zqa	59481.05238204646	0.11870195295335795	0.005
2021zri	59498.44475134968	0.04173094256018328	0.005
